47843.67442657876
45157.53500843443
43449.564401750475
42555.17000415455
42578.89959665707
44029.246154699686
46878.80393001568
49824.60855617598
51405.9824890112
52384.046415553545
53357.79830328601
54189.876787186906
55122.85896176553
56149.86924854701
57151.744968256826
58262.28099972577
59459.14393409362
60382.078388124966
60702.26763618146
60794.980333889645
61387.424935197945
60086.937660682546
56026.95690991156
51517.19090530837
47495.411806308286
44887.797809098076
43214.871500882735
42346.49389694298
42397.11681313055
43885.344506712776
46875.86959380443
49927.14379293337
51541.15576563159
52553.82907475268
53530.388794031904
54313.23149605995
55108.270646688296
55792.55068992018
56646.81857876401
57782.09885098328
59040.371153133456
60196.570771738465
60475.2616670464
60680.745590781145
61397.18495946976
60296.340442877336
56416.53145085452
51848.02326786166
47285.15633754196
44681.753205899
43067.88693613986
42161.10207413573
42208.700424521005
43504.243836137684
46083.891549148975
48816.58006722389
50427.912955394015
50955.487687942106
51301.09127098814
51687.2313308916
52142.554981455236
52603.2724392141
53213.35066645966
54417.55871419203
55952.06178565801
57463.90887556192
58354.60859056414
58474.099424844215
59126.225633928196
58098.54303165922
54281.49173473357
49892.3856528746
46251.16863656881
43853.12854587
42340.65134280688
41515.325105071366
41543.65766559762
42910.22683065283
45390.69474325327
47902.822697594536
49429.48987202404
50016.678668750385
50440.8779930013
50732.1287259046
51335.85477803493
51962.6969542685
52457.319251594745
53569.359156225226
54845.17512224515
56380.03035293114
57465.283101747016
57783.140855472695
58371.78602871562
57138.78468945937
53408.27106717643
49118.46818858545
45889.539495451114
43466.81673160808
41893.886086225735
41044.464548164746
41121.720872380974
42575.55682297772
45385.62106492684
48164.57603336475
49620.834688680996
50315.1759671554
50917.595215195695
51476.55771304518
52018.4456822854
52612.05671414903
53426.75982628516
54601.52293760864
55784.019664959196
56893.35549951584
57703.70134303305
58004.55751678162
58747.94380356259
57361.29344930337
53339.936645327856
48926.82205869646
46111.27394987256
43570.58931954495
41887.537713927886
40952.04974698581
40992.56007854966
42356.57648897294
45160.97689883776
48023.069097009655
49787.674156489775
50865.679387137505
51655.63534655311
52171.640925418986
52756.899686581084
53355.93222756469
54045.78969459934
55229.7210241823
56728.03500886899
58201.09835476621
59104.41659626241
59361.39802899813
59996.86369934679
58579.65936562616
54395.93566596218
49731.08945548747
46349.81850720694
43877.74048789865
42302.54763637633
41445.063215776594
41466.23891996972
42720.409153298344
45203.60543276306
47721.4822130999
49317.42616984664
50184.49561325866
50860.3797137225
51505.298383867834
52158.12932131375
52789.53981335633
53596.89285982563
55101.42180066427
56864.85682561327
58530.79628253893
59616.60533005873
59985.957935027145
60600.07338551303
59411.69711933474
55342.85799259387
50778.16502456914
47758.76361782665
45023.054399961446
43323.56303733852
42411.21837848276
42409.81921816217
43695.19335529834
46360.29718775055
49125.86079636416
50832.345434577415
52073.524993458996
53320.19507616039
54476.716367661415
55554.58552392006
56440.89623721851
57412.88436908934
58773.20993239793
60167.25853277487
61369.84375363118
61787.895585706014
62145.00097135271
62615.11627963639
61402.12450039046
57342.92562346998
52649.232305243124
48555.7904148775
45809.36620749436
44053.477982393604
43099.47202976387
43044.12059782586
44424.23645418123
47446.1148988754
50555.5304082751
52562.574940600476
54069.08987256352
55538.5350887469
56764.79915744991
58028.542879430366
59084.498998562856
59965.61870809979
60844.27724077576
61957.952084409815
62913.02120743515
62996.08825798519
62974.812108192775
63304.806710432174
62010.77772154464
57730.61169688075
52846.90439923962
49258.89414422432
46440.920265385714
44649.77600830092
43601.55650651959
43523.619825524154
44713.22785870366
47586.65034240019
50684.97508004447
52703.88866850816
53954.18709217736
54939.973951693224
55645.34058069601
56487.7514642097
57350.98529056094
58231.50441239926
59621.407572425465
61187.08722488591
62673.51383528807
63465.56319104338
63230.70371091633
63227.171642197885
62011.43086778696
57952.564583761916
53193.72426633106
49092.65265835016
46405.34707770368
44609.868631986545
43550.81044950468
43509.98957951905
44785.11537999285
47761.564367680505
51085.54812744686
53215.21606240191
54204.85263437226
55080.56996609058
56052.459338703666
56849.67410908027
57601.08480136472
58395.566169052356
59802.65203851747
61192.74644144595
62481.039517327474
63340.11262881232
63318.67467128241
63344.499434390076
62182.89195994304
58057.825747138326
53288.780143486874
49281.99538380295
46522.01550664372
44645.44445168756
43564.955289568665
43509.279098355124
44826.65485605056
47845.29551894678
51343.708584188134
53536.44657158319
54931.478449805596
56058.93917963148
56938.73970681166
57729.93501505262
58428.9847984126
59284.92876975309
60695.65541043644
62119.39296505506
63490.86075768624
64066.887889277095
63792.26301482802
63947.58906672539
62758.842913952096
58586.0420052276
53752.89651486853
49437.123598380764
46757.02608412779
44939.909799178226
43875.897335349444
43833.08858635584
45082.08858510846
48350.31025272101
51957.03555855404
54375.34742005153
55792.20537795956
56751.483626798756
57618.03854442914
58400.0107175133
59129.713483673375
59955.697761583724
61146.46120712144
62556.98460820695
63883.19133234389
64613.30341355235
64250.45746580516
63682.42153193114
62388.965328260434
58244.42108324094
53413.878801079925
49280.945117741685
46457.67418314104
44606.39205233068
43525.72221120619
43417.530446274315
44553.758455353694
47467.02446133525
50683.88501580647
52659.07168516512
53780.13224486236
54767.4852493451
55534.920206562376
56277.42687414172
57135.32542968169
57745.171327663775
58991.01294453035
60407.267451440304
61769.23026639218
62557.0320883
62425.33487556076
62406.313656514285
61446.37012400297
57415.13394624546
52644.65925741286
49255.12565109776
46345.73553697321
44510.34004541093
43470.21956302247
43317.76161550483
44342.83561682357
46913.913500402465
49715.97459993667
51537.635441150494
52793.86066561171
54014.92099209258
55012.58003780001
55998.072723068
56834.71549029102
57967.19687930834
59271.17491845277
60771.18950023109
62163.74769982545
62702.145456573
62698.20260727487
62441.3266026028
61813.53276543119
58111.72721192737
53559.328487637154
49716.335550907206
46878.85573517408
44959.89174296624
43853.00647821036
43612.894149595086
44472.34166748806
47174.990439752284
50255.43611036283
52380.59433535733
53881.161911382995
55277.63083093287
56464.0559796489
57641.48055643209
58625.44664935031
59557.5377580574
60699.89378234656
62009.704068966435
63260.46214943742
63735.186314554
63627.60163683521
63360.72091617519
62684.45196018026
58700.1028480572
53778.3040713805
50079.807205365454
47153.6413147463
45276.552846883285
44131.334898145105
44015.34792139182
45169.519520242466
48337.49363356317
51880.71391057386
54321.773072713666
55953.02473207112
57392.337337934805
58550.062482080044
59461.593091346134
60361.5475969484
61379.28060739534
62957.377480457624
64475.40658142546
65848.62994435307
66511.16971448093
66152.65167429362
65480.92394908192
64396.458369162276
60260.19107778125
55200.32921792897
50238.37272068147
47393.85156352157
45480.10372312848
44367.11899639197
44345.539987601325
45602.19139185915
48777.27089649886
52290.59580890548
54525.540333668
55837.611621330565
56944.095908943964
57953.08312300779
58903.91372811683
59912.522370953666
61072.08302677688
62648.60866971696
64251.96318603365
65876.83330201088
66530.0449392667
65915.78510105894
65417.16686550552
64603.90813859452
60465.38695246176
55542.43788452583
51110.03289407085
48225.180783663505
46280.4327866033
45106.19236545634
44902.817339186375
45936.41621966863
48958.07440337128
52222.18563881312
54384.70523274301
55672.310302244565
56918.71111706568
57783.645224194224
58740.961743098036
59742.18468923313
60557.98572062391
61959.28696165188
63518.438841376825
65093.1120319576
66107.14899223958
65989.61374828567
65571.69622706267
64563.518631926265
60540.03820452443
55688.7021262995
51283.56695485241
48402.762584774086
46393.83811745418
45230.11844755115
45011.22247648455
45915.52134428331
48561.826511861225
51573.9419096057
53835.22970195715
55384.18610220592
56700.016477996694
57826.25563302902
58835.33302111999
59756.02918588633
60979.06004489553
62708.53594539158
64394.75686547902
66042.58369641127
67152.67737030823
66924.9063473415
66056.36388218513
65094.8553460503
61074.246608352645
56159.97506725634
52052.96019555559
49033.28824567839
46969.58724479632
45740.55495563403
45528.20744384133
46409.70848318303
49152.29604667362
52577.166548906134
55078.54293852036
56658.937809841664
57838.42567325947
58784.38650770609
59523.93176715749
60180.876869347034
60994.43296153883
62372.640497569526
64064.47684610074
65805.98724376614
66682.15851275288
66307.58311814476
65857.24358984361
65212.05141969732
61139.90290052481
56213.31869663668
52537.81307448993
49424.78617031826
47408.30964500227
46218.1107857204
45993.063717641795
46937.8814485285
49726.07946276904
53153.86596080535
55663.72384971576
57356.010035795516
58989.06104634516
60642.1888371163
62167.233925441855
63312.884134957094
64477.85510957692
65902.75586433672
67298.68858496637
68364.77151248475
68329.40018012011
67855.10499637031
67421.26266952766
66468.16973101812
62351.464886412796
57407.175083829796
53021.265132547705
49901.00171223518
47802.69641771205
46581.909736502246
46287.62295814249
47123.10744227729
49735.293944770696
53010.135771648
55552.94864222061
57539.16441593287
59306.49304317874
60810.755319637414
61954.29820389222
62941.07335859565
64018.077542565174
65165.27771466893
66444.25135106062
67651.3644166323
67995.04950591101
67747.0773377352
67229.52978434577
66584.51996844931
62677.00429091074
57794.224651175624
53646.437627664585
50396.70829015488
48246.77781697917
46944.92086479771
46641.89832813843
47397.91929882941
49996.48583119425
53255.53932499711
55764.10836147898
57551.667765099446
59162.44849612751
60460.653439490074
61650.790168644286
62834.6451461575
64100.75531706079
65837.56329070998
67590.29716551362
69067.40502507886
69750.83840528924
69247.40088908085
68559.32692233835
67660.20717302055
63387.0491951724
58242.96465226607
54184.84104939422
51097.091520705515
49025.73910514148
47787.58284577541
47599.48806309025
48687.17940019108
51613.66337461797
55101.315773684255
57577.31590732299
59229.163745894235
60688.189727399054
61834.18848084868
62951.96068232393
64214.599011989936
65510.54436611275
67340.27728839364
69183.14414979052
70731.67114021709
71235.82261998077
70274.32626771707
69635.56204719514
68771.17929252911
64525.59963354392
59420.8246663857
55089.817581372336
51928.58257675175
49820.12548807747
48518.84522836224
48265.56772003614
49186.06914669066
52089.7555201525
55692.82814081845
58567.06070355682
60572.09679787423
62443.91306410821
64041.18496536505
65476.163442893485
66765.80638730104
67837.29447992796
69231.93876707314
70733.30382716005
72138.42363954906
72570.77577217582
71698.98696619313
70901.32845524875
70090.29188800407
65630.78775302981
60262.95061867896
55852.50975025711
52748.43446831145
50593.50742963697
49316.95297821353
49121.367737710156
50299.02239508806
53401.09116242736
57201.646767946375
59977.98976099186
61887.56003442235
63535.17084644651
64914.60660589738
66106.03331876105
67356.85075571232
68609.85841299014
70311.73685465405
71785.15393005406
72869.50520696116
73095.876220875
72192.50746457792
71295.39545792983
70293.13861407898
65890.30041073276
60612.2882534122
56024.42309619179
52808.26891361696
50611.6191059889
49260.225778330285
48946.37064387444
49820.573075474174
52473.83981091226
55944.43883352576
58661.35857748252
60529.37741874175
62013.92487778337
63215.54430867847
64378.873323436615
65575.47361657837
66764.79904104279
68337.13324353886
70022.99919409199
71713.28572288509
72320.54363160179
71485.59717542003
70533.27328851106
69749.58974321875
65546.50104068598
60425.46200122425
56020.4573822671
52708.8469476332
50510.542809673534
49214.691837150494
48930.872063922536
49924.792221390264
52751.735956365985
56289.92591752216
58790.64672185788
60550.33117471188
62267.50238668772
63598.82583204959
64849.32658815078
66059.79254773482
67277.3264353153
68572.53731336608
69965.96246096777
71122.94689819253
71155.15476725694
70530.28159045691
69969.5299915595
69150.19937227113
65067.48698731224
60072.99247142356
55523.25384990035
52326.922122693664
50140.84889450332
48830.042867359676
48576.816184637144
49496.99933388275
52119.41819766378
55392.06699591298
57847.02176501341
59705.29582673153
61450.52406759628
63043.373397829455
64282.981904694025
65416.049389332
66631.46488100226
67870.02689342039
69290.91902585315
70539.70105065488
70464.09311113445
69659.74096705801
68956.07126745244
68249.81575995336
64174.182605210415
59173.70665578036
55657.45613191863
52373.446104886054
50154.081013461386
48787.729302825195
48399.72568236021
49031.91977624375
51438.760071852936
54557.514119730025
56991.143672158665
58687.33212365846
60565.30486996073
62065.66655890436
63377.24577241391
64624.3217032453
65607.36092827887
67398.04456807104
69147.30357178202
70578.79227300973
70779.61892904933
69952.54799004219
69395.48419658876
68683.46486804982
64516.00925166837
59403.241212178866
55613.46086124052
52482.89350353112
50334.25197162186
49017.21864355731
48710.543165138224
49632.2075905222
52188.38011969209
55416.80597122603
57716.30777236607
59177.32745578287
60647.608298864965
62133.40000383905
63561.13050772218
64823.73544271213
66024.76510556122
67758.0799613119
69570.62937131441
71034.7828265002
71421.87167708653
70834.55366418233
70113.70493296812
69317.94831460611
65216.3154278524
60151.289792224045
55941.99657117878
52640.14740108913
50432.543652969056
49081.22211057529
48785.19464340262
49630.17356481871
52278.35738732468
55718.46695195802
58414.844791426505
60322.715768689806
62210.84928101806
63913.16891694908
65451.84545734446
66836.09804255265
68251.84303445056
69960.18190754701
71699.6787433264
73286.20971493317
73337.22438758405
72258.58023137426
71231.18087386532
70245.57737214024
65894.69543768335
60688.56679779465
57091.90175391003
53821.94141538471
51553.428638960904
50186.613487590446
49875.59802047857
50776.36687584338
53586.2723054541
57200.449629878305
59729.429076626126
61516.66036885743
63260.71085047121
64769.93342001766
66265.34388675202
67786.17009370046
69110.56679219217
70838.49823120875
72597.33679564435
74127.00621304325
74340.90522165994
73222.39808570179
72086.1391995526
71090.30767936459
66608.22041187742
61212.93227273501
58200.85042000099
54870.947675124975
52535.470224043325
51071.19126480978
50714.38364659962
51448.88482430717
53868.781462494284
57028.07572472058
59401.03789165113
61151.41958593917
62711.13356106747
64145.44546554273
65401.99322334374
66640.16748810085
67920.12506748144
69940.78313228731
72041.61684325019
73704.75639718022
74127.54369368938
73178.02091744047
72240.22443093272
71542.18684136576
67250.2302754619
61973.98236096033
58200.70367749669
54704.045268708185
52364.73991478603
50972.71927204348
50599.87101177199
51293.665432109636
53676.56136555969
56882.52647235147
59222.99450143307
61166.3245107333
63228.39855707239
65116.14798605115
66937.25187968263
68443.46207516489
69808.43813603742
71269.3214609256
72828.95397941064
73830.9519131031
73642.24934452209
72994.73987780743
72275.50604659335
71539.43562887236
67494.00241365797
62425.86752026917
58125.59885551772
54727.65150151493
52408.05517569088
51006.173905326
50577.782530448916
51206.47488442164
53425.64752985579
56547.78172478243
59036.180028485454
61055.27211298798
63286.001283434336
65214.0440458671
66859.86544390346
68265.80687191829
69526.97609298344
71048.22499751269
72615.14382035928
73647.32109621588
73278.86769770182
72536.03795746333
71857.62487409856
71050.04569665297
66909.79221516885
61841.966258129505
57629.980870812295
54162.525061012624
51767.078386514055
50264.10111517049
49830.364737245975
50525.25873078455
52987.20949446613
56462.707465498825
59137.27164441057
60845.6079651987
62487.174056790645
63979.66573567858
65382.44633099343
66704.64956546942
67941.08229969273
69758.35776038816
71653.68598710185
73065.3138572121
73214.36961129733
72298.83012916516
71485.90831377251
70645.86474786316
66382.78253238052
61178.250838055275
56890.63823883159
53646.05244188814
51376.22059608631
50009.51976045014
49725.88614779366
50833.798907463184
53674.662036404035
57181.16862305787
59514.24600783905
61145.46096305009
63000.34072719025
64654.0406409116
66125.55532468286
67546.66821934444
68766.4965142323
70535.84346044663
72334.69338592884
73684.38139004643
73575.03158383605
72554.15423701535
71658.52587417055
70609.94821768171
66259.16128566217
61007.34096255489
56735.369585051114
53549.323628770624
51314.29528282149
49926.89728553065
49575.48901281289
50389.4444367037
52805.61617106451
56009.22023798342
58452.66103234934
60267.64905787641
62019.083422427095
63429.94869600951
64979.61550874957
66414.196134254
67863.74754445298
69817.78337989355
71923.85755841304
73544.6608006969
73881.73398132753
73071.40385893807
72167.5860302755
71298.02239620971
66981.47328261657
61829.66023608851
56771.16258653947
53538.455604088704
51295.179543414495
49920.907761209324
49592.03482082172
50502.95839517915
52868.05008566717
55976.87930941982
58187.031146671434
59750.49885852949
61420.68184082718
62933.79840719363
64450.639447560374
65883.35815787298
67388.24357209429
69299.34716429432
71238.22525020532
72826.66301689485
73400.24019014096
72846.6324804441
72141.88650450828
70969.65384167909
66552.83017786511
61373.05834027497
56652.585400203316
53407.25473471961
51149.0417652021
49775.853664837494
49505.8141677757
50485.83277900683
52997.916336303555
56433.48794982703
59051.32288603105
60937.34739056835
62864.49560370969
64730.88855837015
66323.38105500402
67861.0018826475
69349.77561115153
71116.6498540191
72811.71097504243
73994.80527838011
74221.96697677932
73292.89037560268
72297.95515237347
70988.1326661182
66593.56988836499
61418.16305894421
57246.11315237659
53943.19782696569
51721.16986093904
50348.353505747364
49926.65750350959
50851.227771471305
53470.747820436096
56665.3269518136
58862.49637195079
60539.78251888964
62529.610764237405
64587.15525018877
66434.48695429195
68167.57152080061
69507.96059973187
70886.7721240913
72415.31031496754
73739.58418361108
73761.76244209937
73319.8528853617
72469.91558566534
71152.89812098301
66864.96356998134
61804.81025407889
56884.866905784824
53663.78625400967
51433.54680819188
50107.09719649259
49730.26578220543
50579.25984870391
53012.72234238078
56381.83856873554
58982.81408879781
60911.55166238304
63017.3984536973
64933.80431247987
66709.5773010437
68090.75115358704
69356.14836723356
70757.21372012519
72075.34314007493
72972.28164563517
72464.12431166937
71667.75317174873
70892.8702516367
69810.37434426216
65762.38234951004
60795.27838587977
57020.294048204836
53766.221627805004
51574.28893463776
50221.15759107045
49909.20140559561
50875.67648162951
53117.900374160876
56367.482881695076
59074.24512025972
61131.44387544629
63307.97494679389
65181.40198610842
66770.46640637923
68213.29502122228
69443.08202519378
70962.95131189137
72688.94145931279
74080.07782144792
74347.44020622733
73450.53929832928
72427.15905145963
71233.87151039147
66980.51965911844
61933.84242782455
58159.46476881821
54852.8314790818
52581.19813075366
51131.15339605711
50664.44551797672
51496.43981294275
53821.883203269565
57108.67781738338
59642.9873463009
61560.24599271558
63550.45333649269
65411.256320872584
67073.88841545257
68574.42050056241
69981.99288974369
71774.02648418267
73589.21985429751
75125.60191127582
75601.89222348791
75055.1237113911
74125.23946875437
72651.05556553995
68306.35810646114
63176.860998013544
59297.953715099255
55849.43595450887
53452.69157743538
51903.77956938405
51412.262763996514
52228.04897032799
54595.06443986159
58125.159005707625
61035.00613089143
63443.56373860017
65922.38196625737
68025.77612568821
69873.47999514142
71627.9454687806
73122.16293547557
74927.65023530429
76852.56787123236
78351.07334837793
78541.32938234184
77501.1973311502
76101.07020273
74723.85124743523
70214.89223553447
64806.80969431577
60162.227298569334
56732.33442426422
54312.04190367207
52789.637625488496
52299.31464444124
53147.493719882914
55517.42989834389
59026.051421276126
61902.96583955684
64128.91356188638
66449.53920643612
68376.46382242197
70180.74205014593
71831.68959157403
73399.4025719806
75401.7562705823
77228.71083408788
78620.6054999538
78873.5249650476
77877.2933052969
76675.98355448173
75365.4019872096
70879.30847199837
65547.19608387277
60039.57577534877
56633.74799992466
54239.53847977101
52734.25192524737
52299.11364441724
53073.502358381236
55106.25445335733
58442.4083933802
61388.35095414186
63619.043241024956
65970.09691740452
67823.03842045102
69372.92932383018
70964.68707553112
72487.28914053728
74150.52310029129
75827.6508063595
77162.24885927826
77366.44228744578
76447.11131901444
75222.33790599617
73835.77547939622
69431.13326430909
64218.921139178405
59491.16791505614
56087.792580203924
53805.33869483705
52438.773860839785
52022.42635705937
52912.776128949154
55080.068036593286
58184.16742078852
60636.90507581082
62606.423077589505
64892.42886061124
66938.00709889876
68812.91302757167
70305.02066374256
71669.59671615621
73318.07593649857
74943.92816253683
76144.19290724104
76072.04382555149
75382.41379029056
74219.4957669867
73012.66383556291
69054.5367056
64200.288308980715
58888.19781482336
55555.580845877645
53231.60128183286
51792.23331498194
51327.84446329475
52126.94426934062
54244.906252401874
57459.39484790955
60137.01246486671
62350.36143784645
64639.35481214556
66691.41134913395
68507.35463796752
69946.08880077813
71321.79291800903
73046.37136245005
74836.22589626523
76237.08209020141
76253.81923548007
75540.91010640313
74394.0743115766
73137.14643876968
68931.59442154515
63742.86669459287
59105.488473193676
55706.31139545189
53407.51976324382
51970.73195350041
51557.67923298458
52500.95173522015
54824.9957841716
58288.65279047452
61109.591919843064
63228.571022940014
65350.09785714172
67224.91522012082
68942.75752631213
70686.9782260672
72256.36658001792
74226.01364535857
76245.23782849828
77852.32558056644
78223.76737280184
77322.83895310493
75999.87124344356
74500.31958890495
69995.16467046343
64649.985394225216
59304.98691723903
55937.619733128864
53580.7910980664
52038.04205977933
51620.859286559025
52401.95622964142
54921.21231462998
58549.15160518626
61452.22258548245
63645.051710074775
65923.26144520305
67756.84074126022
69265.19070517969
70653.91621435151
71784.20955165062
73194.3108989671
74876.68842460217
76333.49254942221
76811.93939997071
75896.97226951156
74456.1464711994
73011.54937753855
68639.11025249455
63489.28191951634
58460.86824901891
55275.43722536711
53063.617363113844
51689.92280767367
51393.77343385437
52471.86590846447
54960.9015352946
58366.77057592387
61031.933053927736
62988.12710950561
64798.43739666057
66270.97423641618
67741.83292260914
69132.6751012769
70572.74754775244
72388.74812214164
74187.15804000993
75629.22282903132
76148.15664303013
75508.23567361053
74470.97679721843
73059.99749790087
68845.19166727058
63807.31328290445
57496.81944167625
54339.848332871705
52096.448529560206
50658.09580335156
50272.32439652637
51172.42950109967
53557.31262664481
56740.65771552189
59210.53073887635
61076.56515204066
62884.04782632508
64307.53123921149
65682.29864694411
67147.32921227146
68501.47614038538
70454.3570590401
72404.81334121255
73986.69732767453
74495.06969488581
73735.74873551303
72552.48916272474
71220.62079656508
66981.93872708487
61962.03923781423
56775.200759347346
53609.645075086155
51364.73369306135
49983.39012133784
49633.51278451769
50543.75421751477
52988.135510536486
56185.68035900286
58568.023582487505
60359.840205317625
62400.84970885622
64150.80562942263
65630.6083163267
66994.490260268
68482.41291732297
70480.09669077823
72336.72811833482
73980.64775958756
74516.22053960995
73902.4614299794
72646.7113607122
71206.73056280297
67001.79484361409
61978.993689485214
57551.901987423145
54204.58240584117
51949.25061796053
50592.59525202122
50160.36677950795
51035.43303598441
53462.440609476784
56622.963031964326
58925.03899229923
60919.18310144514
63227.11614414919
65098.59970076724
66695.87741871862
67990.7891904613
69090.50969924453
70509.96526659084
72318.04965073279
73804.05354612529
73847.75854743796
73193.14970965359
72125.41357355885
70832.86063578055
66666.30235211187
61636.052108407064
57999.93963477011
54667.74288122305
52321.82742309836
50926.187512428245
50486.78699536664
51428.31480827566
53948.02192559978
57357.17229911092
59945.47470833975
62138.828826687655
64425.517106859625
66242.96603641611
67973.36240439532
69521.77654103354
70779.10403094812
72218.16349835943
73745.28926028135
74615.73663109675
74206.34568172692
73335.20916689845
72340.5028001623
71001.47877193481
66924.52234020502
61983.69876169839
58149.347236649744
54802.59990089803
52446.89124046983
50957.285720822176
50512.032703509554
51333.13156032553
53663.81542792732
56880.98454144849
59459.56610556767
61415.190037461645
63262.1315011812
64775.85598899511
66004.65377850848
67210.4620101674
68574.04015252
70419.27965178712
72471.94220110207
74250.74839175565
74846.85886850764
74305.28046633014
73125.97483657164
71740.48463379845
67438.71806071018
62265.57834358734
57640.43762702537
54429.67693803785
52204.25851279762
50817.64886684453
50521.120969326934
51650.88431432803
54435.48858275367
57910.83923336882
60437.736089573234
62363.86169061102
64282.42158585736
65901.24030090518
67456.10759098042
69043.22636164655
70303.42451846051
71792.93993091818
73642.02963272898
75196.6060619958
75515.86585276293
74793.918651834
73413.11031055225
71788.02040435054
67472.69026360402
62363.9166083795
57972.55724571166
54753.02616881233
52518.00446702539
51076.5962626555
50660.724074391655
51510.08311394223
54154.62838794035
57427.36790677819
59898.5675306544
61723.048954184815
63556.29251041656
65078.43324269696
66412.27702191361
67869.28902581127
69558.46832594868
71811.98474031448
74140.03882660695
76143.27711729267
76613.74706486591
75552.03468631663
74051.3857390812
72864.9226723839
68643.19782898018
63473.28441828729
58168.15887785996
54881.411073312745
52599.74577716017
51169.95054859159
50846.76484804307
51910.75169178515
54463.07392442646
58577.51963118971
61845.109786221285
63592.49374839911
65737.18220783165
67633.59564981512
68991.52368532635
70292.62773866788
71511.74086364779
73051.3302776653
74822.25512783119
76312.0861239581
76556.11313288314
75361.74239860244
74046.97926620318
72534.91361169102
67945.8073484297
62599.17113208467
59044.89037159635
55696.36800504871
53310.50815791442
51779.598441087575
51288.98276643175
52040.54951794343
54261.66721197238
58061.05902022442
61224.9650115346
63061.53608608209
65372.665316605824
67283.21690791783
68807.43828829574
70323.18386903964
71853.83037307608
73715.69954668335
75640.0477839721
77319.37868409645
77780.44292747077
76436.1590014103
74902.15814825716
73546.01523147715
69363.55501788664
64386.892882587905
59501.5660440764
56032.35752531782
53663.66325921448
52188.72002318118
51699.227416488735
52589.9356235822
55026.83334743566
58881.27832470746
61696.39384388998
63293.09096883613
65697.27255669417
67867.59186156855
69623.0103292999
71270.7906472743
72783.86178884418
74219.39136884263
75835.729315876
77011.01642077157
76805.8299723862
75681.4783507631
74401.60668978865
72943.41611707845
68659.74806226662
63606.2933521542
59539.28350533997
56066.572780619696
53642.42533989358
52142.8511688401
51665.86442683335
52580.63861802485
54968.77682677037
58969.69926031246
62014.03767790706
63646.294196822266
66010.7169998479
68132.6349793159
69810.44646244979
71449.72729756362
73015.84132205918
74794.87858763327
76622.64189301134
78118.69393064652
78044.4397281722
77015.29646244449
75656.43770663954
74301.22951574776
69911.6891714587
64535.002312593555
59254.59861586247
55807.97807104958
53496.44870986766
52020.205208348576
51588.485572140286
52366.73981587517
54519.99346908845
58068.00528812082
60979.76966182077
62423.89289572264
64430.579015853655
66281.81277255267
67853.2714298933
69510.92393381528
71085.63460973058
72812.81519363982
74440.5447462605
75821.93872817328
76288.08829000487
75232.4987605216
74092.85471814072
72699.5026566996
68457.62016456042
63439.41118144433
58628.012960600274
55306.83290336554
52973.59607996244
51452.176012638425
51005.21037409215
52057.0184384793
54498.856255397295
58009.806243777835
60569.9762560732
61646.1607764654
63157.60393072364
64602.72266841737
65956.72605098809
67277.03487938792
68648.87838442584
70442.92888878606
72288.23920205956
73876.87821768719
74431.86738730241
73485.04887904483
72316.97853758729
70635.97199486937
66411.86336579196
61496.85005839747
57449.16591669512
54248.438665913396
52016.93589899671
50648.07015694808
50186.7963895147
51027.908654088715
53352.39650239527
56790.89566254209
59471.29949493302
60759.30717970583
62694.719359272
64500.66704874265
65850.52245985225
67269.81628729327
68780.50127044186
70816.32280625672
72801.1140981944
74467.6611487677
75118.38081407888
74303.9438266086
73403.10939857742
71965.44817643902
67619.98804784371
62461.47448011141
57518.86944967793
54409.025633616046
52298.51779112904
50953.64328177408
50723.39476270237
51921.27391958642
54598.7174688898
58223.1188472227
61080.246880441
62437.38354624179
64180.13270375226
65858.03796887578
67313.02640865235
68861.13477129779
70295.57115793547
72021.0921622208
73671.98299243077
75169.57921081761
75743.1220699598
74994.17827303718
73925.29744776318
71990.31050890284
67506.97110610906
62418.153044495935
57716.50037982552
54460.4339433729
52139.32808586627
50657.11233688768
50200.59771466889
51099.432902741195
53321.69497689858
56680.20634503453
59420.26527028988
60739.839133061636
62757.92965995718
64680.07721423815
66287.39159071176
67844.26435538744
69317.5834920525
71123.86950969858
73127.7737558039
74974.97527730773
75655.41243346968
74741.63180680384
73759.36116272182
72021.45546640032
67601.91677998366
62519.064763363356
57828.62984569263
54507.75417624483
52301.31225404031
50960.348944635014
50640.07600509169
51877.18074751824
54517.94598777977
58097.901899298915
60829.5502379453
62274.29672631723
64276.658342924
66204.22413105924
67770.60900422922
69289.14963486617
70947.40384699465
72760.95700354666
74498.6500652708
75915.90668483499
75651.56008178921
74519.06622431013
73593.2456068593
71680.20581204742
67195.74833356138
62051.167088168724
57817.72024205382
54634.9722055167
52391.9935926974
51038.045709729595
50656.171556684676
51775.021863424576
54217.634699828
57651.46270307707
60416.13462892195
61956.81918119902
64091.95098665955
66124.49108782875
67890.81817350228
69390.4784718327
70577.72838615761
71847.15951481235
73099.59570970395
73810.54955949027
73455.28652152774
72630.63572800205
71915.17630661152
70172.90084995533
66137.80406493724
61362.50165606301
57117.44111970938
53878.57591485428
51646.30294248331
50238.60315366008
49800.149849053196
50693.95744738172
53032.15194971378
56423.78805982076
59371.763407740065
61067.085267664304
63010.90794639572
64679.221463273956
66022.95549103458
67228.99105066466
68361.48229516439
69980.11881032122
71683.69962211019
73384.82968181156
73921.50335008194
73092.84798219906
72216.57603102777
70372.35554079516
66230.00707055033
61391.29949058178
56821.47596579436
53667.47219993772
51470.7614466732
50117.101546699945
49816.116595652195
51048.275107650436
53708.33562068006
57490.24703330912
60519.13302347809
61872.24330515861
63582.02603818039
65148.57011652074
66467.15787304727
67983.07224437223
69382.68846206868
71138.40124318941
72746.07661219864
74072.45183971133
74224.97640023354
73073.18429817498
72339.62821877963
70311.00475429774
65976.24953002077
61031.056926125435
56726.66358035699
53644.37951394662
51450.98016804986
50149.98936621786
49868.42778345749
51176.61354912477
53677.054532530514
57081.873593519435
59860.49321452054
61096.00643295561
62851.45480320556
64480.91726894257
65837.619291534
67206.51805073909
68468.33807223999
70148.44429921912
72051.99408608863
73650.66234961386
73941.88704434106
72917.99247573406
72446.90659289093
70297.91861402233
65935.87885708729
61059.32698577071
56111.76476765611
53011.09595867148
50815.97344000896
49473.72765426363
49185.77344753878
50430.44632371533
52930.35061375797
56220.863505002664
58895.02350327197
60130.770378290166
61854.176220117326
63495.67668308317
64915.5329340711
66468.02978591595
68053.56139142922
70036.8925109174
71807.72567098535
73256.87822273829
73681.29812211919
72738.71390843562
72316.31223220383
70074.93235302434
65785.66077555483
60928.74359876462
56061.4790032337
52896.736715030325
50703.43634617494
49336.65880699234
48954.177998256964
50223.482728764815
52768.982452538
56195.55612274701
59085.83742415669
60451.99017280804
62396.59680058427
64120.627128871674
65710.80743180336
67172.87442155856
68589.71060364366
70362.77620837152
72014.91121543088
73387.57629981851
73666.56090779946
72988.60044178859
72690.15361726073
70324.46772107144
65843.16375535357
60830.16135526463
56972.386789729615
53683.087393603586
51461.113557697
50182.041244175874
49926.58084177799
51406.440032419916
54240.457187052125
57705.93791149669
60357.3071880429
61583.78439525622
63289.0905313838
64901.68207580514
66343.52305780869
67932.66637625263
69526.90564573643
71157.5365903635
72725.23768877721
73986.62056452985
73739.14061225306
72841.80638479497
72647.9668400056
70553.99882336565
66267.05146543575
61368.59011675993
56589.13777119669
53425.655314800286
51221.759094871355
49899.53561455855
49549.45335312267
50764.82263833957
53032.35927073692
56269.28263022467
59134.25172396795
60557.60833350467
62453.06615164541
64141.21564202733
65790.9123137079
67384.71011934757
68798.9562984201
70116.40129608718
71579.3926199603
72824.46951155114
72657.62564185956
71850.6275087841
71336.52984862438
69019.7651500763
64785.55773510059
59888.11224596673
56019.280781189205
52919.36397625932
50802.93742411945
49484.700800816434
49095.33586204017
50216.38028805851
52398.083238788386
55555.077677792826
58209.494357972006
59218.10610245417
60764.840017938455
62314.049356119176
63789.83081290073
65411.45333826928
66913.12775776364
68694.56382039338
70546.39452898003
72248.93365794713
72843.03666820559
72180.74429114765
71717.89521787016
69484.78843191985
65219.82864887335
60409.852179127935
55437.26242689114
52543.28393516768
50503.90405065746
49279.7599136815
48979.242675900896
50219.63972784488
52719.79445972411
55864.6137500282
58223.503590719825
59251.83023598497
60772.07796818093
62224.28277678932
63333.57510561093
64643.58112718531
65939.74188509476
67889.40480102444
69962.24431733979
71719.07226649825
72267.05359940395
71693.68803978768
71194.8521583741
68940.84633438838
64708.95419440386
59965.16806138261
55065.98436371149
52075.17254757896
49987.692808394386
48717.90284056429
48426.34260497144
49675.38210424118
52112.06504396053
55453.99902122712
58367.06909457682
59797.50688441749
61685.71319721876
63330.617204191694
64666.784632929535
66044.89747954975
67414.86153896136
69049.41345433179
70666.97239521121
72038.09285675337
72413.85376285868
71786.68635710751
71335.01902134529
68922.35066092674
64605.54237225217
59825.40369810254
54928.74641720369
51983.09195909452
49862.64196945333
48557.50612673908
48249.79539945424
49557.72877178772
52096.658379824206
55419.39011780347
57979.344572505564
58934.15621268906
60390.02443535437
61764.41363694649
62855.324797780864
63995.68783154757
65263.10899950491
66987.48265523888
68788.18248904974
70510.55666153131
71068.29967007122
70351.80683363437
69934.79677737964
67730.71656972507
63594.0466338674
58933.57806493268
54008.70530106306
51054.010890651545
49017.45588325884
47765.19368200874
47529.84967808308
48760.5698250588
51003.23342008589
54024.928738763134
56489.32775773836
57362.896288947835
58760.04054690203
60062.61038815267
61315.724459053956
62630.31325035649
63921.489690868875
65735.17966083312
67606.93616730893
69351.12715073233
70077.156934143
69435.73406247207
68912.54025828597
66595.91806685895
62399.54326789948
57798.161899051185
53479.48413428425
50550.45523426324
48603.14071878332
47433.42534109295
47088.67126665703
48247.63937344213
50615.57713304057
53469.02405610872
55648.28365340249
56526.66363371645
58204.92586184561
59954.0367742856
61493.43518093825
63063.66267716014
64524.499586766564
66236.66097421263
68019.21639763935
69526.85125976776
70010.89314864877
69757.45786603073
69386.11156453934
67221.54714862003
63333.254553389525
58891.79090030936
53142.08870453124
50221.20654461266
48172.67852007876
46979.87495152631
46710.11143348297
48002.13112732111
50535.47477152256
54019.337683051286
56735.62590592043
57904.489983059844
59730.152075213125
61502.34968727353
63046.227468499805
64525.803733439396
65807.92173881074
67116.88593219733
68802.93272757542
70197.66663186152
70423.3968549361
69790.03479963883
69580.00001223326
67386.27820823347
63237.7818301108
58575.92796550826
53543.942376946674
50561.64527105922
48495.37764883146
47237.197309796815
46928.54318012332
48139.760875328815
50444.157155033325
53624.64474429509
56050.625556206054
56957.645502744774
58479.239930557924
59998.26532112969
61394.21995414816
62778.79829040388
64265.67918699137
66233.20079249312
68274.95864443126
70134.00223413251
70833.9674524805
69957.80313629488
69377.13228905245
66957.82877432906
62657.73483960013
57940.943010638766
53945.86558663578
50942.69752102558
48886.97555631144
47631.5021093057
47358.33712224871
48727.58161768567
51459.877031636184
54928.54399441848
57422.26941967779
58339.90352802426
59812.051047752815
61153.20065081948
62449.24630774926
63867.084690077
65366.303128780724
67313.20357550483
69203.95226919855
70726.25409405734
71181.85207201092
70365.49787653601
69969.67507766692
67544.54028898693
63292.134178842585
58582.92963905971
54024.18737189427
51043.04162282822
48994.70338277505
47746.59410083112
47454.69006492282
48663.681299017466
51099.04093940184
54482.32107286434
57214.90741991031
58309.75681264215
59857.41973444991
61320.153331250716
62628.817676851286
64085.76680067838
65491.744197058586
67264.16711101294
69050.99516078817
70714.5532653906
71057.30869074784
70084.39341307081
69695.64488933867
67419.09311032173
63241.64721387822
58556.205080627995
54089.07312136593
51203.120263840625
49186.64732366819
47930.72415539928
47686.88567308979
49052.28127218036
51761.29188661953
55318.800268048
57784.696736415106
58832.32976491787
60129.72091566092
61329.29461657123
62345.76429136218
63611.98006805494
64992.985019773296
66858.23850970714
68675.27868285873
70280.95194367162
70704.94386489555
69670.06115371463
69111.68866142801
66667.81168824219
62388.77648140933
57673.92120688037
53496.10118308137
50591.16333218593
48610.38674670307
47448.715862410674
47277.813672986034
48785.587326526875
51636.264234840935
55201.864482829376
57736.48348352019
58645.069430716285
59921.75866270462
61172.01168234916
62224.31454372236
63490.269137611846
64883.241532762586
66653.30046470577
68552.24167344774
70375.11423800937
70785.61599289488
69909.11126363737
69405.78503023638
66939.63777856527
62804.68055431661
58243.07264754265
54107.608314814
51005.659870676274
48963.51246340363
47751.85048852943
47449.22418656337
48699.923983748115
51115.56985292048
54528.8858628218
57033.20008278068
58253.61673292515
60024.156672832294
61654.95891186856
62910.67038057499
64150.22749985459
65535.86977115772
67061.13391135777
68520.9899301259
69708.88597751361
69655.49107828067
68817.01440001573
68557.80705291906
66500.63279487967
62405.45618156374
57742.94103039082
