10243.508636363635
10069.93
9834.47590909091
9617.009090909092
9242.75590909091
8807.43
8173.43590909091
5869.612272727273
5164.443181818183
5765.297272727271
7295.722727272727
9375.60681818182
10769.679090909094
11562.344545454545
12309.704999999998
12921.95818181818
12725.788181818183
12368.151363636365
11788.541818181819
11692.788636363635
12882.361818181818
12719.471818181819
12479.209090909093
11975.316363636368
12024.096363636363
12128.660909090908
11398.84272727273
11156.965909090908
10289.555909090906
9349.641818181817
8964.642272727275
6866.455000000001
5915.245909090909
6151.158181818182
7597.730000000001
9358.841363636368
10508.958181818181
11453.981363636361
12368.497727272728
12743.709545454545
12233.764545454545
11666.33181818182
11025.192727272726
10895.713636363636
12224.47318181818
12163.347272727271
11793.362272727274
10843.78318181818
10415.257272727273
11175.313636363637
11289.411363636364
11173.39909090909
10243.558636363636
9346.835
8728.913181818183
6864.043636363636
6588.1504545454545
7070.546363636363
8132.487272727273
9413.96681818182
10518.024090909092
11264.177272727275
11829.294545454546
11880.829545454546
10744.522727272726
9868.416818181817
8794.422272727272
8279.908181818184
9082.874545454546
9309.938636363637
9533.56
9510.808636363638
9807.698181818183
10392.204545454546
10476.917272727274
10414.769090909092
10170.166363636363
9842.909545454546
9373.54318181818
7133.2527272727275
6461.235000000001
6444.218181818182
7164.163636363636
7949.198181818182
8110.919090909092
7852.2072727272725
7728.33681818182
7605.22409090909
7301.347272727272
7272.027727272726
6715.043636363637
6447.19
7759.0822727272725
8322.168636363638
8646.277727272727
8541.22318181818
8344.197272727273
8573.162272727272
8344.643636363637
8047.596818181818
7878.192272727272
7856.078181818182
7207.340909090909
5139.997727272727
4739.83
5669.599545454545
7634.7304545454535
9590.203181818182
10473.57090909091
10834.536363636364
11067.485909090912
10901.03818181818
9898.37
9384.773636363636
9041.840454545456
9638.574090909091
11099.855
11322.971818181819
11212.040909090909
10804.487727272728
10559.272727272728
10987.928636363637
10735.597272727273
10505.779999999999
10120.105909090908
9629.573636363637
9324.872727272726
7316.808181818183
6500.1104545454555
6760.511363636364
7793.75409090909
8775.962727272727
9229.708181818183
9211.277272727271
9469.307272727274
9713.48909090909
9310.983636363637
8993.83181818182
8592.448636363637
9099.03227272727
10492.517727272729
10356.360454545456
10491.03272727273
10182.097727272729
10135.859090909089
10654.356363636365
10534.860454545453
10302.406818181822
9298.657272727274
8661.249545454546
7761.286818181819
5349.420454545455
5020.835454545453
5553.664545454545
6255.498181818183
7047.4404545454545
7638.82590909091
8218.144545454545
9086.20590909091
9755.135909090908
9225.717272727272
8625.535000000002
8296.719090909091
8337.243636363637
9910.94090909091
10087.755
10648.350909090908
10330.914545454545
9923.868636363637
9557.844545454545
8566.475909090908
8243.155454545455
7967.860454545457
8168.998636363636
7778.7413636363635
5405.518636363636
4837.745454545455
4900.77
5540.522727272729
6629.143181818183
7920.257727272728
8863.95409090909
9683.201818181817
10355.085000000001
10092.985454545456
9673.34590909091
9015.505909090909
8909.275909090908
10276.72272727273
10532.845
10461.434090909093
9801.758636363635
9538.839545454546
9751.144545454545
9516.583636363637
9271.142727272729
8425.7
7749.389090909091
6832.812727272728
4577.080909090909
3881.777727272727
4106.274090909091
4955.618636363635
6245.285909090908
7515.734090909092
8733.704545454546
9909.373636363638
10711.857272727271
10630.952272727272
10103.059545454547
9490.485454545455
9390.635454545454
10019.382727272727
9651.761818181822
9357.322727272725
8653.96090909091
8576.181363636364
8807.242727272725
8420.050000000001
8197.297272727274
7341.826363636364
6818.2754545454545
6103.658636363634
4341.46
3876.745
4108.778636363636
4777.146363636363
5912.953181818182
7156.1554545454555
8338.350909090908
9231.282727272726
9469.384545454546
9155.909545454546
8736.246363636365
8358.250909090908
8512.90818181818
9924.93909090909
9909.056363636364
9801.976818181818
9679.79909090909
9982.920454545456
10788.331818181818
11081.896363636366
11370.467272727274
11061.14272727273
10695.156363636363
9827.185454545457
7343.330909090909
6311.882272727273
6743.836818181819
8845.95
11097.895454545454
12050.524090909092
12537.973636363635
13315.774090909092
13605.365909090911
12629.319545454544
11376.365454545454
10471.468636363636
10488.679545454543
11683.515909090907
11511.040909090909
10857.683636363636
10386.939999999999
10252.037727272726
10711.02
10717.717727272726
10883.191818181816
10256.238181818182
9797.074999999999
8864.150909090911
6333.066363636363
5654.375454545455
6047.409090909091
7290.690909090909
8714.82
9652.075454545455
10284.26909090909
10944.456818181818
11184.842272727272
10322.311363636365
9655.629090909091
9058.183636363638
9021.189090909093
10651.405
11302.802272727271
11683.727272727272
11473.75818181818
11105.92318181818
11379.967272727275
10722.004090909091
9978.72090909091
9210.805454545454
8803.859999999999
8323.02
6235.123181818183
5367.252727272728
5396.507272727273
6264.966363636364
7728.915
8448.159545454544
8408.902272727273
8939.845
9013.155
8286.869545454545
7892.291363636364
7614.01181818182
7735.576818181817
8971.534545454544
9187.151818181817
8917.751818181818
8300.392727272727
8213.31681818182
8568.834999999997
8825.657727272728
9107.062727272727
8831.155454545455
8482.894545454545
8176.944090909092
6684.768636363637
6417.689545454547
6779.293636363636
7772.376818181817
9012.941363636364
9636.988636363636
9639.407727272726
9801.878636363637
9932.646363636362
9378.824999999999
8790.53681818182
8146.110454545453
7853.879090909092
8774.492727272725
8936.108181818183
8665.610454545456
7951.044999999999
7780.538636363636
8508.656363636363
9210.570454545456
9821.071363636365
9752.186363636365
9259.77909090909
8506.671363636364
6185.525454545455
5463.019090909092
5471.909090909092
6379.290000000002
7425.196363636364
7811.546818181818
7833.95090909091
7954.050454545454
7893.399545454545
7092.390909090908
6648.114545454545
6527.364090909091
6959.979545454545
8954.499090909092
9026.761363636362
8480.531818181817
7716.193636363637
7747.25
8063.060454545455
7749.075
7761.399090909093
7643.261818181819
7512.217272727273
6915.671818181818
4517.305909090909
3589.171363636364
3491.159545454546
4332.799090909091
5526.979545454546
6748.169090909092
7624.634545454546
8261.105000000001
8563.164090909091
8254.792727272727
8018.880909090909
7563.356363636362
7788.91318181818
9710.317272727276
9602.887727272728
9349.781363636364
8806.72
8600.995454545453
8271.124545454544
7541.327727272727
7362.037272727273
6900.136818181819
6881.197272727274
6504.267272727273
4512.2295454545465
3894.43409090909
3864.490909090909
4630.4740909090915
6155.5654545454545
7448.04181818182
8320.956363636364
9181.556818181818
9720.770454545453
9320.671363636364
8469.144090909092
7612.097272727271
7094.439090909088
7661.87909090909
7755.529090909089
7762.458636363634
7513.241818181818
7363.371818181818
7639.860909090908
7538.949545454545
7568.681363636363
7152.259090909093
6754.640909090908
6002.03
3875.139545454546
3359.3059090909087
3690.2318181818187
4567.090454545453
5500.784090909091
6327.9631818181815
7068.390454545454
7565.937272727275
7469.331363636364
6929.304090909092
6740.005909090906
6582.976363636364
6632.620909090911
7901.103636363637
8268.841363636362
8255.94590909091
7864.948181818181
7553.295454545455
8025.803181818181
7916.653636363638
7714.768636363638
7036.773636363636
6307.651363636364
5744.098181818182
3835.0800000000004
3348.085454545454
3846.0336363636366
4728.954545454545
5716.618636363636
6653.907272727272
7431.444545454544
7915.55227272727
8060.132727272728
7686.734545454546
7459.038636363635
7159.3777272727275
7164.880909090908
8410.73090909091
8753.47681818182
8638.716818181816
8015.429545454547
7777.778181818182
8458.676363636363
7983.243181818182
7668.376818181817
6551.562272727272
5646.966818181818
4607.655454545455
2803.781363636364
2621.6322727272727
2998.6600000000003
3997.0581818181818
5601.497727272727
6887.563636363638
7369.308181818182
8105.861363636362
8491.508636363635
7880.4404545454545
7510.698636363638
6915.73090909091
6382.137727272726
7941.959545454545
8508.96181818182
8580.901363636363
8340.548636363637
8221.672727272728
8774.488181818178
8831.636818181818
8844.918636363636
8210.856818181817
7709.391818181819
6710.958636363637
3940.5568181818176
3326.105454545454
3673.3559090909093
5030.835
6645.510000000001
7783.418181818182
8386.599545454545
9040.770454545454
9538.243636363637
9156.004545454545
8783.376818181818
8167.614545454545
7959.0763636363645
9654.324999999999
9639.64090909091
9324.325454545453
8570.86090909091
8525.901818181817
9192.571363636363
9345.729545454546
9272.062727272727
8333.256363636365
7756.471818181817
7104.144545454544
4869.118636363636
4621.861818181817
5375.779545454546
7121.963181818184
9045.246363636361
10241.202727272728
10919.234999999999
11366.145454545454
11401.731363636363
10433.060454545455
9389.417727272728
8293.678181818179
7709.3713636363655
8448.948181818183
8430.38590909091
8206.160000000002
7795.829545454545
7778.219999999998
8313.53772727273
8222.712727272727
8240.580454545456
7713.577727272728
7415.391363636363
6991.497272727274
4862.0468181818205
4499.823636363636
5178.643636363637
6211.316363636363
7423.751363636365
8315.582727272727
8736.447272727273
9293.308181818184
9509.520454545454
8883.007272727273
8222.99090909091
7517.945909090909
7309.638181818183
8632.020000000002
8518.058181818182
8089.483636363636
7570.348636363638
7543.870454545453
8007.349545454547
7781.302727272729
7682.845454545455
6948.905909090909
6378.139090909091
5573.020909090908
3444.077272727272
2960.3645454545454
3231.2113636363642
4017.1345454545462
5481.327272727274
6685.437727272728
7581.873636363636
8685.740454545454
9316.048636363637
8725.08090909091
8108.0590909090915
7598.444545454544
7082.251363636364
8168.22818181818
8337.108181818181
8419.884999999998
8122.143181818182
8271.631363636365
8948.602272727272
8987.916818181819
9251.016818181817
8757.073636363635
8141.548181818181
6720.873181818181
3870.2331818181815
3423.590454545454
3887.2968181818173
5139.954545454545
6809.625
8086.442272727273
8822.373636363636
9444.79
9699.755
9113.973636363637
8587.866363636362
7924.699090909091
7598.4977272727265
8981.569090909094
9375.939545454545
9468.867727272727
8690.282727272726
8297.48090909091
8530.000909090908
8259.44590909091
7797.710909090908
6969.3959090909075
6324.930909090908
5438.977727272728
3170.3868181818184
2673.3640909090914
3006.5059090909094
3911.951363636363
5197.92590909091
6291.523181818182
7243.430909090909
8182.808636363636
8887.155454545455
8710.370909090909
8370.055
8178.159545454546
8159.643636363635
9709.209090909091
10000.137727272724
10055.175909090905
9957.052272727271
9563.329545454546
9419.054545454546
8600.701818181818
8245.558636363638
7509.849999999998
6982.903636363637
6357.950454545456
4452.300454545455
4220.304545454546
4964.575454545456
6491.458181818181
8501.698181818183
9980.89772727273
10928.132727272727
11667.102272727274
11792.887727272724
10994.754545454543
10391.002727272727
9764.058636363638
9391.02409090909
10198.129545454545
10330.282727272728
10434.432272727274
10190.89318181818
10148.166363636365
10621.19227272727
10484.590454545454
10477.413181818181
9897.874999999998
9489.661818181816
8655.585909090909
5846.131363636364
4971.440454545454
5082.549090909091
6159.285000000003
7431.896363636366
8274.47318181818
8731.710454545451
9355.03090909091
9634.445
8903.34590909091
8054.464999999999
7173.399545454546
6631.182272727273
7688.9631818181815
8065.36409090909
8320.775
7849.879090909092
7708.476818181819
8252.265454545455
8076.824090909091
8009.164545454545
7186.6113636363625
6497.915909090908
5934.324545454544
4082.039545454546
3679.6977272727263
4000.5218181818195
5138.18
6691.7131818181815
8045.290454545455
9316.374545454546
10619.18
11215.464545454548
10694.625000000002
10363.315909090908
9988.41227272727
9651.958636363637
10477.389545454544
10621.567272727272
10698.845000000001
10089.982727272727
9416.34909090909
9765.123636363638
9789.929545454546
9099.97090909091
7891.542727272726
7091.197272727272
6364.6618181818185
4386.127272727273
3644.525454545455
3561.1781818181817
4633.719545454546
6339.321363636364
8023.829090909092
9309.876818181818
10457.579999999998
11048.01090909091
10402.773636363638
9712.113181818184
8414.410454545454
7829.110909090908
8951.867727272727
9207.155909090909
9379.425909090909
9108.847272727273
9075.033636363636
8464.693181818182
8516.65409090909
8125.127272727273
7598.467272727271
6729.691363636363
6040.678181818183
4397.344999999998
4214.004999999999
4799.538181818181
7109.3495454545455
9346.08909090909
11228.508636363636
12219.327727272726
13130.648636363634
13551.052272727275
13490.389090909093
13474.313636363635
12278.384545454546
12062.467727272726
12490.98090909091
12573.68727272727
12368.269999999997
11933.260454545456
11350.037727272727
10857.291363636363
10470.943181818182
9890.28727272727
9376.734545454545
8683.172272727272
8030.556363636365
6408.858636363636
5960.714545454545
6001.433636363637
7035.414545454544
7774.484090909092
8655.82090909091
9206.892272727273
9855.005
10168.372727272728
9895.990454545452
9721.436818181819
8447.909545454544
8032.620454545453
8641.799545454545
8915.485454545455
8609.628636363637
8663.242272727273
8358.642272727273
7828.004545454548
7445.073636363636
6767.055454545454
6204.217727272728
5662.819090909091
4799.289545454545
2600.999090909091
2459.253636363637
2505.2104545454545
3380.554090909091
3895.877272727273
4547.029090909092
5204.846363636363
6207.960454545456
7128.580909090908
7400.705000000001
7803.097727272729
7308.487727272726
7654.529545454547
8900.668181818182
9181.996363636366
8801.198636363635
8410.647272727276
7726.592272727273
6955.472272727272
6584.595454545453
5989.536363636363
5656.07909090909
5294.767272727272
4785.498636363636
3087.1331818181816
2461.7999999999997
2617.8990909090912
3802.912727272728
5052.621363636365
6523.629545454546
7788.5704545454555
9009.137272727272
9796.709545454547
10033.200454545455
10313.730454545454
9424.992272727271
9328.060454545455
9625.736818181818
9927.874090909092
9343.610909090909
9038.006818181819
8460.90409090909
8075.152727272729
7987.882727272727
7849.677272727273
7600.48090909091
7158.113636363635
7063.025
5098.919999999999
4430.086363636364
4546.402727272727
6019.529999999999
6941.131818181817
8139.419999999999
9055.94590909091
9994.799545454543
10381.054545454548
10204.32090909091
10320.472272727275
9033.139545454544
8487.597272727273
9165.117272727273
9138.799545454543
8840.75090909091
8661.555
8298.766363636363
7768.7704545454535
7440.958181818181
7038.7077272727265
6865.734545454547
6389.735454545455
5792.264999999999
4203.011818181819
3635.455
3487.828636363636
4338.774545454545
5424.129999999999
6801.852272727274
7794.935454545455
8787.64318181818
9211.04318181818
9113.659999999998
8906.51
7541.429999999999
7086.636818181817
8009.008636363637
8792.524545454546
8935.78
8554.023636363636
8157.0
7759.717272727274
7725.327727272728
7462.795454545452
7399.266363636361
7061.193181818183
6787.572727272729
4960.7763636363625
4629.887272727272
4685.788636363637
5870.370909090909
6712.118181818182
7643.397272727272
8379.120909090909
9267.744090909091
9905.22090909091
9817.655454545456
9686.13318181818
8368.841363636366
7706.263636363636
7904.898636363635
7918.840000000002
7524.176363636364
7235.324545454545
6532.198181818182
6187.237727272726
6145.707727272727
5986.78
5870.75681818182
5727.078181818182
5517.186818181818
3735.411818181818
3473.290000000001
3945.5022727272735
5551.670454545455
6719.104090909092
7916.345454545456
8771.615
9628.285
10232.751363636362
10415.719545454547
10622.340454545454
9644.257727272729
8961.157727272728
8872.156363636364
8637.893636363637
8180.475000000002
8002.412727272726
7709.273181818181
7539.789545454545
7332.086818181819
6955.443636363635
6705.955454545457
6060.240000000002
5501.611818181819
3842.1100000000006
3361.3931818181813
3520.323636363637
4589.08590909091
5662.151363636363
7228.744999999999
8462.169545454546
9847.810454545455
10796.778636363637
10898.099545454543
11105.318636363636
9952.542727272728
9491.195
10345.515000000001
10359.003636363635
9987.31590909091
9852.516818181817
9558.167272727273
8960.239090909092
8470.906363636364
7781.768181818183
7508.909090909091
7861.794999999999
8022.639090909091
5876.3259090909105
5083.212727272727
4968.028636363636
6096.250454545455
7106.482727272727
8246.518181818185
9257.198636363637
10563.345000000001
11301.566363636362
11291.857272727275
11237.78727272727
9449.711818181817
8689.906363636364
9517.42
9641.057727272726
9654.54909090909
9585.975
9197.086363636363
8630.909545454548
8140.812727272728
7577.416818181819
7267.156818181818
6705.485909090909
6136.388181818183
4506.32
3949.7777272727267
3997.760454545454
5152.0599999999995
5852.146818181817
6642.601363636363
7326.382727272727
8066.201363636364
8369.546363636364
8416.739090909092
8506.40090909091
7569.4681818181825
7470.690000000001
8396.612272727272
8590.351818181818
8457.582727272727
8227.364545454546
8105.999090909091
8027.582727272729
7908.814545454546
7580.992272727273
7053.83181818182
6228.151818181818
5446.74090909091
3687.1386363636357
3452.588636363635
3520.630454545455
4560.3445454545445
5338.942727272729
6667.779090909093
7696.118181818179
8700.148636363636
9521.42272727273
9695.309090909092
10330.465454545452
9541.974545454546
9514.005000000001
10144.311818181815
10091.734545454547
9531.466818181818
9527.174545454545
9344.893636363639
8950.546363636364
8561.49181818182
8073.289545454545
7843.732272727273
7259.699999999998
6687.9972727272725
5024.378181818182
4530.917272727273
4736.932727272727
6180.662727272726
7415.09590909091
8917.439545454547
9881.618636363635
10631.849545454546
10857.279090909093
10463.016363636365
10270.546363636364
8948.128636363635
8170.103636363637
8697.708181818183
8693.224545454543
8135.688181818183
7823.614545454545
7512.660909090908
7385.594545454546
7330.985454545453
7071.336818181817
7000.585000000001
6425.9631818181815
5839.273636363636
3519.8713636363636
2872.5354545454547
3061.9695454545454
4323.42090909091
5306.421818181818
6307.380909090909
7050.236818181819
8011.836363636364
8570.410000000002
8612.95318181818
8684.285454545454
7374.369545454546
6787.4118181818185
7856.038181818183
8284.94
8434.272272727272
8738.40090909091
8069.774999999998
7559.557272727273
7180.465
6493.110000000001
6124.49681818182
5809.247272727273
5533.419545454544
3601.9027272727267
3090.7899999999995
3203.117272727272
4215.969545454546
5170.745454545456
6188.032727272726
6908.035909090908
7646.1945454545485
8148.557272727272
8401.895454545454
8791.050454545455
8066.149090909091
7776.441363636364
8545.994545454543
8638.845454545453
7960.251363636364
7224.753181818181
6670.427272727273
6575.407272727272
6707.783181818181
6902.328636363637
7165.665
6941.065454545456
6376.853181818181
4042.5918181818183
3646.677727272728
3632.6640909090897
4528.582727272727
4943.322272727273
5680.673181818181
6406.699545454545
7211.050454545454
7713.432727272728
7793.084999999998
7819.913181818181
6768.239090909093
6453.105454545454
7671.971363636363
8043.529545454544
7684.223181818181
6999.074545454546
6498.840909090908
6212.54090909091
6060.630909090909
5745.971363636362
5416.354545454545
4976.85409090909
4533.416818181818
2698.4036363636365
2130.87
2446.0177272727265
3350.1609090909087
4509.418636363636
5898.046363636363
7239.046818181818
8659.389090909091
9436.368636363635
9459.542727272727
9510.010454545456
8630.841363636364
8699.427272727273
9805.84090909091
9351.909545454544
8752.221363636363
8076.781363636365
7445.448636363635
7179.777727272726
7411.824090909091
7215.106363636363
6997.371818181818
6457.183181818182
6108.1454545454535
3825.9413636363624
3453.0377272727274
3873.9786363636363
5511.5363636363645
6720.328181818183
8000.994545454546
8644.767727272729
9424.39318181818
10013.920454545454
10058.586363636363
10112.961363636363
8814.331818181816
8132.299545454545
8474.91909090909
8681.693636363636
8116.19909090909
7815.665454545454
7112.929999999999
6523.871818181819
6298.480000000001
5969.02
5576.437272727272
5080.791363636365
4785.883181818182
3224.260454545454
2888.493636363636
3022.2545454545457
4042.205454545455
4796.512727272728
6018.5427272727275
7116.421363636363
8276.788636363637
9064.576363636364
9257.858636363637
9194.552727272727
7768.778181818182
7331.75090909091
8405.089545454546
8087.858181818182
7680.305000000001
7548.964999999999
7435.706363636363
7281.461363636364
7195.389999999999
6784.351363636363
6405.753636363635
6062.562727272726
5656.110000000001
3834.560909090909
3729.9090909090914
4060.1004545454557
5383.537727272726
6255.698181818181
7403.2427272727255
8013.814090909093
8593.972727272727
8919.419090909094
8603.133636363638
8458.724545454545
7282.266818181818
7137.839090909092
8765.083181818183
8681.457272727273
7953.248181818183
7527.856363636363
6989.639090909088
6791.427272727273
6813.332727272727
6690.27909090909
6470.322272727274
6007.516363636363
5231.5654545454545
3373.399090909091
3011.720909090909
3522.826818181819
4814.563636363636
5746.4409090909085
6925.547272727272
7987.98181818182
9194.490454545456
10195.369090909093
10596.206363636362
10784.496818181819
9705.387272727274
9770.340909090908
10812.856818181817
10829.751363636366
10440.574090909091
9846.316818181818
9122.08181818182
8830.134545454544
8655.788181818183
8403.693636363636
8247.282272727272
7788.3336363636345
7428.314545454546
5387.9981818181805
4691.901363636364
4758.4004545454545
6081.963181818183
7250.649545454546
8530.921818181816
9524.125
10649.453636363636
11241.864545454544
11065.308181818185
10916.627727272724
9560.123636363634
9053.40181818182
9477.740454545456
9471.238636363638
9119.398181818182
8906.064999999999
8634.456818181818
8669.82727272727
9092.062272727273
8953.086818181819
8698.663636363637
7586.23909090909
6827.930454545454
5078.752727272729
4891.614090909091
5192.399090909092
7137.735909090908
8563.835
10084.707272727273
11484.699545454547
12840.747272727273
13530.31772727273
13394.892727272729
13180.704999999998
11483.661818181818
10438.64681818182
10603.84954545455
10557.997272727273
10938.39409090909
10921.39409090909
10152.467727272726
9677.335454545455
9206.157272727274
8952.674999999997
9072.708636363637
8637.604545454546
8137.614999999999
6062.755454545456
5730.2077272727265
5908.516363636363
7193.397272727274
7955.864545454547
8380.387727272728
8230.129090909091
8508.122272727273
8637.642727272729
8660.257272727275
9047.521818181815
8431.51818181818
8657.690454545454
10118.901818181821
10282.961363636363
10219.211363636365
10345.42909090909
10014.938636363635
9699.863181818182
9656.869545454547
9260.567272727274
9041.274090909094
8272.761818181814
7546.943181818182
5279.88
4963.0149999999985
5118.828636363635
6400.948636363636
6840.091818181818
7392.654090909092
7673.095000000002
8368.385454545454
8891.609545454543
8867.550909090909
9277.173636363637
8446.842727272728
8353.557727272728
9657.122727272726
9820.843636363637
9797.567272727274
9375.70090909091
8303.385
7432.184545454546
7318.228181818183
7097.652272727273
7003.341818181818
6669.361363636364
6096.711363636365
4213.183181818182
3774.477727272728
4094.2954545454545
5522.4409090909085
6717.602272727273
8238.371363636365
9117.505000000001
9749.301818181819
10332.024545454544
10467.50727272727
10609.555454545454
9467.130909090909
9353.590909090908
10513.336363636363
10464.344090909093
9944.548181818182
9535.989090909088
9210.475454545454
8784.926818181817
8800.83590909091
8081.561818181817
7421.825454545456
6850.235
6183.260454545453
4190.102272727272
4067.543636363637
4405.54
6046.002272727273
7170.700000000001
8495.79409090909
9320.424090909091
9990.093181818182
10174.094090909091
9700.650909090908
9514.821363636363
8612.746818181819
8588.071363636367
9412.302272727275
8915.281363636364
8747.239545454546
8058.041818181818
7136.889545454543
6859.96
6400.411363636363
5881.499545454546
5362.142272727272
5114.746363636363
4849.941818181817
3375.879090909091
2848.735
3134.0204545454544
4293.085454545455
5322.399090909091
6411.432272727273
7381.459545454545
8380.844545454545
8628.789545454547
8523.818636363636
8494.714545454546
7950.542727272726
8417.19590909091
9593.886818181818
9316.081363636362
8999.625454545456
8868.426363636363
8316.653181818181
7688.36590909091
7114.7363636363625
6716.727272727273
6395.303636363637
5844.812727272728
5454.657272727272
3984.6859090909084
3259.1531818181816
3401.8295454545455
4660.679999999999
5271.56318181818
6152.0022727272735
6988.156818181818
7626.973636363636
8090.239999999999
8076.514090909092
8134.382727272725
7055.012272727272
6902.326818181817
8356.580454545452
8265.97772727273
7874.006818181818
7636.191363636364
7364.824545454545
7079.606363636363
6365.222272727272
5677.460454545455
5307.886818181819
4851.096363636363
4234.331363636364
2513.6627272727274
2229.806818181819
2336.7286363636367
3251.2968181818183
3908.3631818181816
4745.141363636364
5384.795454545455
6052.712272727272
6341.301363636364
6310.166818181818
6465.354545454544
5775.088181818182
5874.573181818181
6981.615454545455
6578.136363636364
5989.903636363637
5549.371818181818
5199.739545454545
5072.474999999999
5083.097727272728
4999.520909090909
5069.885454545455
4833.973636363637
4574.676818181818
2862.411818181818
2435.1486363636363
2754.563181818182
4015.843181818182
4736.623181818181
5586.387727272727
6212.01090909091
6904.878181818182
7289.8663636363635
7296.319545454546
7418.375909090909
6869.979545454545
7479.601363636364
9438.768181818185
9037.804545454548
7811.703636363637
7034.11818181818
6715.99590909091
5265.572272727273
5305.339545454546
5354.797727272728
5321.644545454547
5006.460454545453
4607.565
3437.2145454545457
2629.772272727273
2551.6404545454543
3106.143636363636
3983.943181818181
5416.944545454547
6118.638181818181
6728.300454545454
7090.860909090908
7150.699090909091
6981.217272727273
6389.856363636363
6279.0781818181795
6378.575
5821.856363636364
5413.512272727274
5134.464999999999
5154.321818181819
5187.133636363636
5007.882727272728
4719.918181818183
4462.087272727274
4345.583636363638
4312.360454545455
3357.176363636364
2528.0618181818177
2497.7059090909092
3047.951818181819
3934.3290909090906
5396.993636363637
6429.391363636363
7402.806363636363
7937.329545454544
7954.108636363636
7669.699090909091
6883.370909090911
6790.507727272728
6901.548636363636
6605.051363636361
6290.905454545454
6091.259090909091
5948.711363636363
5879.251818181819
5758.263181818182
5586.947727272728
5457.59
5283.235909090909
4884.416363636363
3786.0331818181817
3132.31590909091
3351.9345454545446
4441.02
5486.498181818182
6941.444090909092
7372.363181818184
7637.264545454545
7617.941818181818
7530.566818181818
7482.145
7129.058181818181
7411.542727272726
7562.886363636364
7032.501818181819
6196.5313636363635
5621.9004545454545
5339.474545454546
5188.4522727272715
5073.6963636363635
4741.945909090911
4324.085454545456
4081.266818181818
3994.7568181818187
3186.2318181818187
2481.2827272727272
2572.443636363637
3046.362727272727
3838.6863636363632
5126.021363636364
6005.642727272728
6922.84409090909
7671.275000000001
8165.994545454547
8315.312272727273
7460.061363636365
6952.878181818182
6689.321363636363
6239.331818181819
5942.597727272727
5670.863181818182
5396.316363636363
5167.438181818183
5134.564090909092
5096.625454545454
4922.318636363635
4637.3154545454545
4552.103636363637
4034.4372727272716
3569.0595454545446
3538.934090909091
4125.621363636364
5168.67909090909
6881.190000000001
7918.364090909091
8728.941818181816
8909.895909090907
8902.780454545455
8947.188636363637
8521.384545454544
8746.19090909091
8739.805909090908
8264.545454545454
7839.114545454547
7709.848636363634
7602.209999999997
7492.968181818182
7483.034090909089
6741.2181818181825
6387.869090909091
6262.171818181818
5925.637272727272
5362.230454545454
4779.878181818182
4552.392727272728
5014.207727272727
6021.56818181818
7909.596363636362
8846.255454545455
9726.983181818181
10337.542272727273
10504.298636363634
10257.723636363635
9408.530454545455
8983.209545454545
8732.399545454546
8033.950454545454
7354.163181818181
6956.773181818181
6813.610909090909
6521.613181818181
6391.397727272727
6187.787727272728
5785.681818181817
5535.658181818182
5402.231818181817
4365.165454545454
3889.8986363636363
4227.759545454545
5069.216818181818
6210.646818181817
7664.15090909091
8222.880909090907
8778.420909090908
9146.912272727272
9252.476363636366
9132.603636363636
8665.062272727271
8951.789090909091
8717.083181818181
7988.129090909092
7031.045000000001
6652.164545454545
6159.397727272727
5934.301818181819
5746.679545454545
5625.458636363635
5472.191363636362
5253.748636363636
4962.987727272728
4069.1231818181827
3444.1586363636366
3341.3809090909085
4169.572272727272
5171.838636363636
6621.335000000001
7078.096818181818
7483.189090909091
7681.277272727273
7582.001818181817
7178.530454545454
6132.182272727272
6099.561818181817
6733.444545454544
6730.318181818182
6360.669090909092
6021.352727272726
5763.30909090909
5822.581363636363
5921.596818181817
5729.967272727274
5565.810454545454
5483.430909090909
5429.594545454546
4681.091363636364
3937.5359090909096
3901.751363636364
4271.121363636364
4672.900000000001
5586.715454545453
6018.9004545454545
6619.692727272727
7139.596363636363
7459.39
7439.623636363638
7042.244545454544
7865.58590909091
8572.140454545453
7829.152727272726
7253.520454545455
7046.984090909089
6818.64409090909
6659.867727272727
6438.049545454545
6167.923181818181
6159.803636363636
5802.427727272728
5336.407727272728
4463.527727272727
3781.7036363636366
4247.560454545454
5222.58
6554.553636363636
8314.394545454545
9159.879545454545
9767.342272727274
10139.537727272727
9965.260454545454
9520.835000000001
8696.605
8802.118636363635
8468.849545454545
7921.880454545453
7501.30090909091
7410.114090909091
7269.5827272727265
7144.292272727273
6859.168181818182
6649.006363636363
6338.460454545453
6040.932272727272
5524.388636363636
4605.769090909092
4008.5863636363633
3955.032727272727
4457.351818181817
5350.040909090909
6638.989545454545
7144.712727272727
7429.750454545455
7683.011818181819
7758.111818181817
7568.490909090911
7011.54909090909
7447.2527272727275
7710.575454545455
7143.167727272728
6436.498181818181
5893.085454545454
5520.904090909092
5520.104090909091
5384.422272727272
5152.212727272727
4935.825454545456
4880.491818181818
4750.492727272728
4089.5400000000004
3807.336818181818
4310.842272727273
5206.550909090909
5980.408636363637
7156.668636363637
7668.504545454547
8005.1272727272735
8186.801363636364
8180.405
8277.707727272727
7824.130000000001
8021.141363636364
8214.398636363636
7932.742727272728
7269.46409090909
6803.263181818183
6478.657727272726
6415.544545454544
6363.009545454546
6178.130454545456
5981.23
5606.1100000000015
5278.40590909091
4055.3481818181826
3362.917272727273
3888.127727272728
4990.017727272728
6234.040909090908
7389.806818181818
7857.291363636363
8369.09909090909
8459.82590909091
8265.229999999998
7859.431363636362
6933.465909090911
7181.832727272727
7398.823181818184
7128.3559090909075
6804.741363636366
6513.245454545454
6530.360000000001
6400.069090909091
6356.358181818181
6337.055909090908
6344.959545454545
6165.780454545454
5851.548181818183
5265.198181818181
4316.909999999999
4471.779545454545
5252.739090909091
6312.096818181818
7722.670909090908
8298.669090909092
8651.063181818181
8812.758636363636
8754.658636363638
8508.300454545453
7836.697727272727
8178.596818181816
8196.41909090909
7734.634545454545
7085.166363636363
6705.524545454546
6223.546363636363
6211.173181818182
6293.019545454546
6140.262727272727
5604.104090909092
5172.560909090909
4956.424090909091
4277.070909090909
3503.9813636363647
3562.8881818181817
4077.4140909090916
4737.260909090909
5586.536818181818
5699.21909090909
5971.805454545453
6193.719545454546
6071.534090909091
5846.044545454545
5276.722727272727
5480.307272727274
5744.416818181818
5499.651818181818
4971.885909090909
4602.120454545454
4522.630454545454
4476.598636363636
4376.884545454545
4352.610454545455
4418.426818181818
4358.554545454545
4210.821363636363
3417.043636363636
2613.1577272727277
3014.7518181818186
3802.709545454546
4909.169999999999
6303.643181818182
7000.8
7685.199545454546
8164.540000000002
8330.985454545455
8186.547272727273
7257.163181818181
7625.939545454546
7820.341363636361
7219.455909090909
6618.643636363637
6505.893181818182
6406.18181818182
6432.743636363636
6400.787272727273
6122.962272727272
5799.064545454545
5565.830454545455
5155.933181818183
4372.878181818182
3355.0249999999996
3575.1968181818183
4136.248181818182
5030.953181818182
6384.952272727273
6862.112272727274
7242.016818181816
7559.0468181818205
7576.952727272727
7552.002272727273
7154.118636363636
7970.577727272728
8673.751818181818
7713.37590909091
6721.145454545455
6274.618636363636
6146.928181818183
5966.29590909091
5807.536363636363
5739.196818181817
5638.012727272728
5345.703181818181
5103.380909090909
4416.086363636364
3409.5004545454544
3617.268636363637
4395.388181818183
5487.770454545454
6934.740909090907
7448.980454545454
7796.011818181816
7867.123181818184
7756.655909090909
7595.76818181818
7030.046818181818
7591.033181818181
7970.180909090911
7186.061818181819
6448.548636363636
6547.929545454547
6245.914545454545
6344.142727272728
6497.185909090909
6366.748636363635
6276.763636363636
6248.71909090909
5995.186363636364
5015.2195454545445
3829.5954545454556
3775.724090909091
4365.680454545454
4957.7977272727285
5917.332272727274
6529.8722727272725
7137.801363636364
7283.7804545454555
7092.939090909088
6745.476363636363
6073.428181818183
6984.567727272725
7417.459090909091
6827.965
5952.5881818181815
5249.744090909091
5087.419090909091
5100.715909090908
5230.292272727273
5263.329090909091
5447.485
5748.944999999999
5953.672272727273
5216.748636363636
4324.956818181819
4826.722727272728
5692.348181818183
6467.971818181818
7539.589999999999
7697.015909090909
7824.242272727272
7876.902727272729
7931.748181818184
7564.799999999999
6676.841818181819
7248.257727272727
7698.37090909091
7544.9109090909105
7123.296363636363
7150.25090909091
7132.869090909092
7325.729090909092
7160.21409090909
6921.749090909091
6847.241363636363
6645.109090909092
6327.51090909091
5491.761363636364
4467.517727272727
5002.62909090909
6097.924999999999
6882.523181818182
7782.220000000001
8099.640909090909
8477.419090909092
8730.490909090911
8782.390454545453
8688.774545454544
8028.366363636364
9265.895454545453
10156.535454545456
9424.233636363635
8638.715454545452
8088.143181818182
7545.9863636363625
6963.197272727272
7020.664090909092
7169.668636363637
6786.153181818183
6436.129545454547
6108.530454545454
5419.188636363635
4602.942727272728
5281.235909090909
6127.807272727272
6984.11409090909
8137.540909090912
8583.133181818184
9026.531818181818
9265.634545454544
9453.049090909093
9386.861363636364
8602.550454545453
9229.041363636363
9383.317727272728
8888.934090909092
8322.960454545457
7550.65409090909
7133.984545454547
6651.620454545454
6206.206363636364
6037.566818181818
5988.755909090909
5914.2868181818185
5730.420454545455
5076.795909090909
4469.426818181818
5232.016363636363
5985.196818181819
6409.367727272728
6900.560454545455
7087.88181818182
7398.519090909089
7564.448181818181
7396.1845454545455
7108.247272727272
6307.226363636364
7483.250454545457
8418.295000000002
8236.867272727275
7664.455000000001
7218.98909090909
6775.413181818183
6563.258181818182
6660.379545454546
6451.654999999999
6382.28
6427.961818181817
6432.4450000000015
5597.473636363635
4596.840454545454
4720.429090909091
5267.445
5836.182272727273
6377.165454545455
6497.130000000002
6769.976818181819
7095.352727272728
7362.192727272727
7513.569999999999
7149.683636363637
8600.890454545455
8929.630909090907
7867.271818181817
6968.238181818181
6946.858636363636
6979.6736363636355
7075.983181818181
7149.398181818181
6929.025000000001
6489.888636363636
6328.581363636364
6404.501363636365
5531.054090909091
4217.637272727273
4544.1045454545465
5566.446363636364
6420.97909090909
7403.196363636364
7879.145454545455
8655.388636363636
9099.110454545456
9110.677272727275
8952.434545454544
7901.573636363636
8969.458636363635
9686.749545454544
8991.625
8167.558636363637
7318.119090909089
6933.521363636363
6809.498181818181
6836.119090909092
6704.432272727273
6404.384545454545
6259.397727272727
6154.75
5282.596818181817
4206.725454545453
4217.413181818181
4691.569090909091
5593.6504545454545
6735.372727272727
7113.410000000001
7620.403181818182
7859.13590909091
7751.292272727273
7487.923181818183
6540.18909090909
7720.833181818181
8459.331363636364
8050.638636363633
7518.523636363636
7317.629545454543
7260.605454545454
7122.558181818183
6891.754545454546
6358.9345454545455
5823.234090909092
5493.960454545454
5287.883181818182
4695.725000000001
3945.068636363637
3582.0709090909095
3811.1086363636364
4559.445454545454
5943.1849999999995
6536.772727272726
6999.8200000000015
7198.562272727272
7327.841363636363
7425.215454545454
6863.535454545455
7916.361363636362
8183.776363636364
7563.185454545454
6822.0659090909085
6448.198181818181
6195.904545454545
6072.177272727274
6016.424545454545
6030.334090909088
6163.521818181817
5799.21
5862.744545454546
5467.216818181818
4153.626363636364
4161.1227272727265
5225.287272727273
6071.249545454545
6843.38909090909
7064.135909090907
8027.95090909091
9051.280454545455
9252.393636363639
9082.205
8371.899999999998
9657.80590909091
9952.175454545455
9326.245909090909
8735.120454545455
8156.407727272727
7591.498181818184
7195.273181818182
6763.7413636363635
6620.615454545455
6567.421363636365
6369.145909090908
6098.302727272728
5675.500909090909
4631.163636363635
4807.040454545456
5428.662727272728
6144.980454545456
7330.790454545455
7902.48090909091
8374.618181818181
8564.735000000002
8549.448181818183
8145.8163636363615
7048.611818181819
7973.273181818182
8076.4572727272725
7618.112727272726
6816.76909090909
6262.589545454545
6115.510454545453
6124.812727272728
6234.6168181818175
6117.71181818182
5952.579090909091
5688.630454545454
5335.127272727273
4609.758181818182
3399.875454545455
3602.0122727272724
4266.076363636364
5025.526818181818
5990.569545454546
6205.751363636364
6548.885454545455
6890.587727272727
7049.433636363634
7125.7304545454535
6357.725454545454
8051.017727272728
8439.385454545454
7833.3677272727255
7402.811363636365
7550.04
7710.5936363636365
8051.9804545454535
8265.696363636365
8181.52590909091
8044.569090909091
7892.609999999998
7732.725909090909
6882.616363636363
5699.897272727274
6232.918636363637
7185.985454545453
8099.36590909091
9532.424090909091
9870.659545454546
10021.483636363635
10105.338181818182
10056.613636363634
9836.590454545456
8611.780454545455
9579.342272727274
9694.500000000002
9217.524090909092
8376.556363636364
7998.18818181818
