0.0
0.0
0.0
0.0
0.0
18.527727272727272
1255.785
5980.505454545454
12207.453636363636
17737.90590909091
22207.77863636364
24668.09772727272
25173.859090909085
25732.819545454546
24502.109545454547
21813.40090909091
18101.83136363636
13184.263181818182
6702.588636363637
2083.7031818181817
122.9259090909091
0.0
0.0
0.0
0.0
0.0
0.0
0.0
0.0
22.179545454545455
1376.530909090909
6479.556818181817
12877.896363636362
19025.49090909091
24075.204999999994
27127.202727272732
28416.480000000003
29490.854090909088
27984.480000000007
25201.762727272722
20987.708636363637
15267.460909090913
8036.347727272727
2478.2345454545457
164.16863636363635
0.0
0.0
0.0
0.0
0.0
0.0
0.0
0.0
26.560454545454544
1409.4936363636361
6601.553636363636
13051.682727272726
19033.195454545454
24108.444545454546
26751.565454545464
27283.83409090909
27949.88
26617.692272727272
23341.58590909091
19244.61954545455
13870.787727272726
7127.489545454548
2395.4168181818172
181.52636363636364
0.0
0.0
0.0
0.0
0.0
0.0
0.0
0.0
53.82136363636362
1743.1750000000002
7063.83318181818
13153.398181818182
18530.580909090913
22640.43227272727
24744.19818181818
24986.48727272727
25861.94
25460.167727272725
22835.31318181818
18791.617727272725
13264.175454545453
6907.059999999997
2109.900909090909
147.72636363636363
0.0
0.0
0.0
0.0
0.0
0.0
0.0
0.0
32.88
1220.4499999999998
6020.0822727272725
12529.060454545455
18033.700454545455
22469.317727272726
24917.092727272728
24884.880909090916
25453.738636363636
23715.931363636362
20788.265909090915
16788.448181818178
11835.214090909092
5953.909090909092
1987.3563636363638
148.45954545454543
0.0
0.0
0.0
0.0
0.0
0.0
0.0
0.0
46.13818181818181
1399.2122727272729
6180.322272727271
12135.515909090907
17536.219545454544
22039.692272727276
25270.63590909091
26186.291363636366
26730.624090909085
25553.99818181818
23037.82772727273
19288.65
14175.702727272728
7607.288636363638
2561.630909090909
220.54909090909086
0.0
0.0
0.0
0.0
0.0
0.0
0.0
0.0
67.50590909090909
1841.579090909091
7591.6836363636385
14576.093181818182
20588.03181818182
24942.754545454543
27051.394999999997
28012.29545454546
29164.16363636363
27802.649090909094
24660.59590909091
20552.68090909091
15124.364090909092
8164.085000000003
2705.074090909091
226.24954545454548
0.0
0.0
0.0
0.0
0.0
0.0
0.0
0.0
87.37954545454544
1873.5131818181815
7426.745454545453
14038.023181818182
19937.59727272727
24420.29090909091
26684.659090909092
27366.02727272727
28197.461818181808
27064.22227272728
24059.876818181816
20139.64409090909
14910.96363636364
7944.806818181817
2572.8954545454544
217.20409090909095
0.0
0.0
0.0
0.0
0.0
0.0
0.0
0.0
76.61409090909093
1650.2045454545455
6659.158636363639
12664.050909090909
18335.36227272727
22106.88045454546
23706.48363636364
24375.125454545454
25628.352727272722
25055.615454545463
22673.777727272725
18924.73727272727
14024.665000000003
7547.689545454545
2538.154090909091
227.9595454545454
0.0
0.0
0.0
0.0
0.0
0.0
0.0
0.0
79.86863636363636
1652.3990909090912
6900.493181818182
13579.961818181817
19436.443636363634
24015.644999999997
26444.065454545456
27154.02454545454
27762.56681818182
26221.357727272727
23285.248181818184
19195.260454545452
13851.623636363634
7363.085454545453
2457.3740909090907
233.64954545454546
0.0
0.0
0.0
0.0
0.0
0.0
0.0
0.0
61.871818181818185
1328.747727272727
5759.4118181818185
11737.385
17596.637727272726
22165.535909090908
24577.726363636368
25909.36681818181
27341.957727272737
26268.939090909087
22865.747272727276
19249.36909090909
14183.866818181816
7574.395454545455
2583.5777272727273
244.7154545454546
0.0
0.0
0.0
0.0
0.0
0.0
0.0
0.0
102.79454545454546
1722.4440909090908
6544.526818181819
12643.30727272727
18026.60772727273
22077.789999999997
24660.12409090909
25529.125
26553.916363636366
25748.411818181827
23269.423181818183
19356.479999999996
14132.650454545452
7285.98
2430.260454545454
227.52545454545452
0.0
0.0
0.0
0.0
0.0
0.0
0.0
0.0
73.94500000000001
1318.4104545454547
5741.547727272726
11063.351363636362
15870.30909090909
20113.051818181822
23013.266363636365
23741.597272727275
24131.44818181818
22647.09090909091
20445.464545454546
16747.31818181818
11910.331363636364
6245.858636363637
2191.2827272727272
231.04636363636365
0.0
0.0
0.0
0.0
0.0
0.0
0.0
0.0
91.88272727272725
1490.2413636363635
6347.104090909092
12794.754545454545
18562.232727272723
22999.399090909086
25634.717727272728
27149.743181818176
28467.853636363638
27901.388181818184
25084.984090909093
20591.745454545457
15016.835
8458.605454545454
3017.063181818181
324.9854545454545
0.0
0.0
0.0
0.0
0.0
0.0
0.0
0.0
140.7304545454545
2200.2854545454543
8336.550000000001
15752.367727272724
22085.760909090906
27085.67454545455
29847.54590909091
30230.320454545457
30953.84818181818
29692.950454545455
26821.12545454546
22329.430454545454
16324.713636363636
8726.056363636364
2919.488636363636
303.2763636363636
0.0
0.0
0.0
0.0
0.0
0.0
0.0
0.0
120.72181818181816
1689.8949999999995
6301.629545454546
12096.42
17337.048181818183
21838.133181818182
24776.72318181818
25835.805454545454
27335.133636363633
26535.754545454543
23960.275454545455
19920.683636363636
14293.68136363636
7548.758181818182
2485.0672727272727
276.5054545454546
0.0
0.0
0.0
0.0
0.0
0.0
0.0
0.0
131.56136363636364
1851.06
7006.9795454545465
13294.072272727273
18721.814090909094
23083.296363636364
25439.04636363636
26350.868181818187
27605.33363636364
26493.980000000003
22995.474090909094
18680.528181818183
13752.4
7411.728181818181
2460.3650000000007
256.87727272727267
0.0
0.0
0.0
0.0
0.0
0.0
0.0
0.0
107.31636363636366
1682.9359090909093
6760.471363636362
13174.096363636367
19049.63
23417.739999999994
25876.033181818188
26843.795000000006
27612.599545454545
26641.755454545455
23902.085000000006
20207.08590909091
15093.797727272728
8108.958636363637
2780.9863636363634
305.75818181818187
0.0
0.0
0.0
0.0
0.0
0.0
0.0
0.0
145.13227272727275
1924.6127272727272
7449.744090909092
14304.840000000002
20508.703181818182
25341.894999999997
28650.209545454545
29860.805909090905
30821.66636363637
29899.76727272727
27475.260454545452
23168.759999999995
16956.128636363635
9076.547272727274
3097.580454545454
344.7790909090909
0.0
0.0
0.0
0.0
0.0
0.0
0.0
0.0
158.06045454545455
2125.719545454546
7923.0086363636365
14647.474545454546
20324.996818181822
25195.680454545458
27969.880909090916
28940.113636363636
30054.66227272727
28621.773636363636
25871.400454545455
21928.466363636362
16168.993181818183
8748.729545454544
2903.740909090909
320.57545454545453
0.0
0.0
0.0
0.0
0.0
0.0
0.0
0.0
161.095
2240.925
7900.010454545453
14543.212727272727
20306.071818181812
25136.621363636365
28672.10454545455
30155.185454545463
31569.576818181817
30436.95
27487.626818181816
22712.060454545455
16775.984090909093
9213.322272727273
3163.2004545454547
330.13999999999993
0.0
0.0
0.0
0.0
0.0
0.0
0.0
0.0
140.11318181818183
1931.6418181818183
7124.723636363636
13677.578181818186
19439.430909090912
23843.293636363636
26597.19318181818
27581.25090909091
28472.549545454556
27553.180909090912
24911.853181818184
20609.83272727273
15006.147272727272
8281.742727272727
2759.3118181818177
298.04636363636365
0.0
0.0
0.0
0.0
0.0
0.0
0.0
0.0
126.56409090909091
1718.3827272727272
6772.35590909091
13305.943636363634
18939.71681818182
23516.477272727272
26565.949545454547
28068.124090909096
29054.190909090903
27172.87681818182
24326.530000000002
20496.334999999995
15212.713181818184
8296.623181818184
2876.0436363636363
314.2004545454545
0.0
0.0
0.0
0.0
0.0
0.0
0.0
0.0
132.87045454545452
1940.9872727272727
7465.602727272729
14175.354545454547
19746.339090909092
24016.761818181814
26783.225909090906
28005.945454545457
29206.76272727273
28071.99181818182
25516.06818181818
21698.755909090916
16165.520454545458
8733.48409090909
2928.538636363637
300.1331818181818
0.0
0.0
0.0
0.0
0.0
0.0
0.0
0.0
136.5740909090909
2004.413181818182
7432.029545454545
14174.412727272726
20027.756818181817
24723.66681818182
27124.908181818188
27687.869090909084
28175.09772727273
26566.857272727273
23952.215909090908
19897.678181818184
14525.01909090909
7823.637727272727
2765.5827272727274
310.4054545454546
0.0
0.0
0.0
0.0
0.0
0.0
0.0
0.0
127.24499999999999
1927.698636363636
7341.828181818182
13904.43227272727
19479.863636363636
23693.126363636362
26252.109090909093
26809.06636363636
27418.65772727273
26681.829090909097
24613.09818181819
20969.373181818177
15823.576363636366
8766.58590909091
3103.083181818182
326.11954545454546
0.0
0.0
0.0
0.0
0.0
0.0
0.0
0.0
121.26045454545455
1765.0340909090912
6702.962272727274
12738.426818181817
18075.444545454542
22068.071818181812
24402.434090909086
25564.35863636363
26653.733636363642
25494.945000000003
22714.404545454545
18946.148636363636
13913.928181818184
7339.768636363637
2509.4109090909096
255.66499999999996
0.0
0.0
0.0
0.0
0.0
0.0
0.0
0.0
104.08454545454542
1626.585
6571.264090909091
12707.698181818181
18093.30272727273
22577.10181818182
25323.128181818178
25690.351818181818
26680.598636363637
25981.48545454546
23707.21681818182
19688.53681818182
14190.851363636362
7309.112727272726
2247.6749999999997
214.2868181818182
0.0
0.0
0.0
0.0
0.0
0.0
0.0
0.0
78.00090909090909
1558.1259090909093
6515.556363636362
13221.48
19263.41409090909
23868.11409090909
26923.822272727277
27792.72954545455
28503.43136363636
27372.470909090913
24646.282272727272
20438.00909090909
14749.628181818176
7932.742272727271
2723.9959090909097
272.4081818181819
0.0
0.0
0.0
0.0
0.0
0.0
0.0
0.0
132.37636363636364
2110.929545454545
7867.930454545456
14703.763181818182
20326.54318181818
24750.002727272724
27362.87045454545
28485.19818181818
29486.913636363635
28429.278636363637
25885.79409090909
21519.859545454547
15614.815454545454
8219.646818181818
2681.1045454545456
258.4836363636364
0.0
0.0
0.0
0.0
0.0
0.0
0.0
0.0
211.08318181818186
1971.7663636363634
7160.092727272728
14180.001818181814
21027.592727272728
25358.745454545457
28014.297272727268
28997.889090909095
28555.965000000004
27540.62909090909
24976.17727272727
21238.444090909088
15350.180909090908
9229.143636363639
3303.5699999999997
466.1677272727274
0.0
0.0
0.0
0.0
0.0
0.0
0.0
0.0
214.69681818181823
2135.8486363636366
7217.789545454547
14273.725000000004
21054.55909090909
25611.363181818186
28861.795
30424.03136363636
30624.613181818182
29635.3259090909
26960.12045454545
22517.984545454547
16553.353636363634
9867.841363636362
3416.450909090909
455.4295454545454
0.0
0.0
0.0
0.0
0.0
0.0
0.0
0.0
211.45000000000002
2029.7722727272726
7215.244090909091
13963.450909090909
20568.666363636356
24826.125454545454
27956.524090909086
29429.51636363636
29346.58181818182
28135.045454545456
25239.87772727273
20897.131818181817
15010.171818181816
8818.98772727273
3044.2459090909088
432.35636363636354
0.0
0.0
0.0
0.0
0.0
0.0
0.0
0.0
165.99545454545458
1572.2295454545456
6088.885909090909
12497.194545454548
19112.27090909091
23088.16727272727
25533.479545454542
26877.22454545455
26973.115909090906
26188.120454545457
23856.81227272727
19632.21090909091
14311.542272727269
8455.997727272728
2926.487727272727
418.1163636363637
0.0
0.0
0.0
0.0
0.0
0.0
0.0
0.0
187.7163636363637
2086.627272727273
7519.7013636363645
14931.257272727276
22043.17818181818
26757.09363636364
29989.613181818186
31607.465454545454
31571.68545454545
30131.677272727273
27172.72090909091
22508.65454545454
16633.258636363636
10089.595000000001
3379.1559090909095
429.6309090909092
0.0
0.0
0.0
0.0
0.0
0.0
0.0
0.0
175.38227272727272
2010.44909090909
7381.314545454545
14519.653636363637
21487.43545454545
25987.546818181818
28685.904090909098
29813.446363636354
29833.74772727273
28700.092727272728
26158.675000000003
22156.123181818177
16674.481818181815
9782.626818181818
3135.323181818181
392.5990909090908
0.0
0.0
0.0
0.0
0.0
0.0
0.0
0.0
141.4313636363636
1667.9809090909096
6675.450454545454
13501.099999999999
20189.01409090909
24628.07681818182
27342.081363636364
28694.999545454546
28432.359090909093
27106.04863636364
24569.81909090909
20439.02772727273
14888.824999999999
8759.8
2831.3172727272727
328.6840909090909
0.0
0.0
0.0
0.0
0.0
0.0
0.0
0.0
127.71863636363636
1628.3254545454547
6149.613636363636
12502.57590909091
18844.423181818183
23392.942727272733
25830.728181818187
26897.668181818186
26908.644090909092
26318.882727272725
23910.11590909091
19832.04181818182
14318.26363636364
8477.683636363638
2709.023181818182
335.8468181818182
0.0
0.0
0.0
0.0
0.0
0.0
0.0
0.0
115.56045454545455
1662.1881818181819
6713.833181818182
13538.174090909091
20040.656363636368
23992.86181818182
26359.494545454545
27599.42045454545
27377.80454545455
26480.81863636364
24314.218636363632
20730.403636363637
15201.259090909089
9039.483181818181
3038.0277272727267
345.5672727272726
0.0
0.0
0.0
0.0
0.0
0.0
0.0
0.0
117.5468181818182
1689.4286363636368
6974.110909090908
13970.572727272729
20812.13590909091
25363.727727272726
28734.236363636366
29960.907272727272
30048.466818181812
28975.153181818176
26089.33090909091
21300.700454545455
15383.600454545456
9202.194545454544
3129.9140909090916
353.2563636363637
0.0
0.0
0.0
0.0
0.0
0.0
0.0
0.0
105.32227272727273
1744.7050000000002
6865.313636363635
13909.936818181815
21006.018636363642
25621.447272727266
28309.319090909088
29776.79227272727
30033.515000000003
29060.307272727267
26651.280454545456
22436.466363636366
16606.545454545456
9975.108181818185
3365.589545454546
354.2036363636363
0.0
0.0
0.0
0.0
0.0
0.0
0.0
0.0
104.29454545454547
1793.1004545454548
6974.279090909092
14035.089090909092
21040.160454545457
25255.928636363635
27592.969090909093
28766.548636363634
28831.036818181816
27402.284999999996
24491.533181818188
20237.94545454545
14697.97818181818
8471.495909090909
2632.8945454545456
261.76409090909095
0.0
0.0
0.0
0.0
0.0
0.0
0.0
0.0
76.59227272727273
1533.9640909090913
6524.511818181819
13526.787727272727
20318.948181818178
24491.12227272727
27149.83727272728
28035.253636363646
28041.35409090909
27092.840454545458
24518.347272727267
20402.78090909091
15023.92090909091
8927.442272727276
2845.3818181818187
275.6072727272727
0.0
0.0
0.0
0.0
0.0
0.0
0.0
0.0
52.43272727272727
1391.3477272727275
5969.374545454545
12542.15
19381.026363636367
24013.111818181816
27010.834545454538
28587.296818181818
27992.817272727272
26504.785909090915
23199.987727272728
19265.559090909093
13973.876363636362
8215.403636363637
2599.461818181818
250.46272727272728
0.0
0.0
0.0
0.0
0.0
0.0
0.0
0.0
53.70545454545456
1412.2322727272726
6429.458181818181
13231.18
19751.31
23823.655454545456
26691.873181818173
28211.710454545453
28427.68727272727
27224.256363636363
24602.071363636365
20862.154090909087
15472.517727272725
9055.388181818182
2736.937727272727
234.9590909090909
0.0
0.0
0.0
0.0
0.0
0.0
0.0
0.0
45.16318181818182
1426.2590909090911
6533.959090909091
13533.155909090909
20534.325909090912
25013.728181818187
27901.51909090909
29580.690454545456
29440.54
28049.532272727276
25343.897272727274
20920.885454545456
15087.238181818182
8690.886363636366
2528.2745454545448
211.98318181818178
0.0
0.0
0.0
0.0
0.0
0.0
0.0
0.0
24.638636363636362
1130.8081818181818
5757.659999999999
12254.691363636364
18597.911818181816
22929.430454545454
25439.81227272728
26424.355454545454
26071.075909090916
24826.81045454545
22364.372727272726
18477.66
13502.976818181818
7589.123636363636
2135.2122727272726
165.7631818181818
0.0
0.0
0.0
0.0
0.0
0.0
0.0
0.0
11.788181818181817
969.5718181818181
5582.638181818181
12299.082727272727
18755.456363636364
23441.32636363636
25934.896818181816
27348.35863636363
27422.94954545454
26122.80181818182
23735.769090909092
19786.775454545455
14427.225
8179.9900000000025
2354.762272727273
176.01909090909092
0.0
0.0
0.0
0.0
0.0
0.0
0.0
0.0
10.999545454545455
1017.1113636363635
5479.52818181818
12014.977727272728
18580.285
22700.17727272727
25497.26045454546
26969.864090909086
26939.344545454547
25749.17545454545
23188.723636363637
19034.18181818182
13400.081818181818
7612.173181818182
2171.614545454546
159.35363636363635
0.0
0.0
0.0
0.0
0.0
0.0
0.0
0.0
6.707272727272727
1019.1522727272728
5528.451363636364
12363.260909090908
19412.54045454546
23741.27454545455
26469.325909090905
28342.63545454546
28763.59363636364
27886.596818181817
25006.907272727276
20823.818636363638
15101.242727272725
8484.039090909091
2345.7095454545456
154.8790909090909
0.0
0.0
0.0
0.0
0.0
0.0
0.0
0.0
2.548636363636364
933.4436363636361
5445.08409090909
12024.084545454545
18688.70136363637
23199.729090909088
26200.27681818182
27849.279090909087
28089.26863636364
27027.304999999997
24281.15181818182
19890.871818181815
14210.035909090911
7746.77409090909
2018.374545454546
132.085
0.0
0.0
0.0
0.0
0.0
0.0
0.0
0.0
0.2790909090909091
784.8109090909091
5002.152727272728
11468.399545454546
17979.614090909094
22129.056363636362
24822.865454545456
26401.22318181818
26400.66681818182
25410.43318181818
22796.38909090909
18280.47318181818
12644.527727272727
6868.436818181819
1804.1377272727275
126.51136363636364
0.0
0.0
0.0
0.0
0.0
0.0
0.0
0.0
0.006363636363636364
778.0900000000001
4476.367727272727
9961.483636363633
15749.52409090909
19929.362272727278
22682.35681818182
24324.950909090905
24279.695454545457
23335.405
21443.909999999996
17920.99909090909
12682.222727272729
6981.962727272727
1889.5886363636362
121.4036363636364
0.0
0.0
0.0
0.0
0.0
0.0
0.0
0.0
0.0
737.5231818181818
4840.219999999999
11140.845000000001
17525.767727272727
21710.86409090909
24921.74
26959.397727272728
27591.772272727267
26454.92363636364
23901.24545454545
20177.378181818185
14585.565
8302.951818181817
2183.6172727272733
125.30818181818182
0.0
0.0
0.0
0.0
0.0
0.0
0.0
0.0
0.0
898.6054545454547
5821.658636363638
12583.45409090909
19296.010909090906
23549.36909090909
26352.589545454543
27801.830909090917
27697.74863636364
26877.95636363636
23841.17909090909
19553.27681818182
13942.40636363636
8001.549090909091
2148.085
122.95409090909094
0.0
0.0
0.0
0.0
0.0
0.0
0.0
0.0
0.0
706.8413636363638
5102.973181818182
11750.89
18618.768636363635
23266.556818181816
26358.726363636368
28019.905454545456
28332.772272727278
27289.842727272728
24484.96863636364
20208.709545454545
13938.682727272726
7584.478636363638
1910.2868181818185
111.00409090909092
0.0
0.0
0.0
0.0
0.0
0.0
0.0
0.0
0.0
687.3636363636364
5145.766363636363
11847.176363636363
18441.62
22442.80590909091
25441.974545454545
26789.5
27210.717727272728
26172.807272727274
23462.139090909088
19147.047272727275
13471.42
7312.445454545454
1800.104090909091
107.33272727272728
0.0
0.0
0.0
0.0
0.0
0.0
0.0
0.0
0.0
557.2972727272728
4620.697272727272
10644.512727272728
16829.616818181818
20898.346818181817
23841.80863636364
25314.94818181818
25177.382727272736
23752.716363636366
20951.365454545452
17092.35136363636
12196.952272727272
6896.839545454547
1712.946818181818
105.63181818181816
0.0
0.0
0.0
0.0
0.0
0.0
0.0
0.0
0.0
536.2931818181819
5054.39
12151.71
19050.755
23551.192727272726
26334.159090909085
27835.34999999999
28072.58272727273
26594.915454545462
24189.323636363635
20031.91772727273
14207.928636363637
7845.473181818181
1818.802727272727
100.20863636363634
0.0
0.0
0.0
0.0
0.0
0.0
0.0
0.0
0.0
535.2813636363636
5052.033636363636
12047.947727272729
18959.220909090913
23417.614545454548
26276.70727272728
27771.13090909091
27547.675909090915
26663.276363636367
23851.708636363634
19688.666363636366
14047.979090909088
7651.605000000001
1843.4477272727272
98.45727272727275
0.0
0.0
0.0
0.0
0.0
0.0
0.0
0.0
0.0
547.9304545454545
4813.6331818181825
11435.645454545458
18183.61045454546
22895.674545454545
26153.019090909092
27967.314090909087
27726.27681818181
26046.62409090909
23037.79636363636
18613.28363636363
12864.20818181818
6892.395454545453
1548.0213636363637
92.35636363636364
0.0
0.0
0.0
0.0
0.0
0.0
0.0
0.0
27.00681818181818
1321.4690909090912
5148.930454545454
11267.753636363637
18966.868636363637
22850.781363636368
24819.72136363636
26389.99909090909
26905.735
26219.992272727275
23253.032727272726
19281.99909090909
13944.235909090909
7352.113181818183
2269.354545454545
112.53863636363634
0.0
0.0
0.0
0.0
0.0
0.0
0.0
0.0
20.077272727272728
1219.314090909091
5022.715909090909
11175.575909090907
18564.255909090905
22304.36
25060.190909090907
26772.313181818186
27190.834090909095
25938.245454545457
22935.636363636364
19145.25181818182
13487.847727272725
6973.93590909091
2004.274545454546
90.56636363636363
0.0
0.0
0.0
0.0
0.0
0.0
0.0
0.0
15.416818181818185
966.0590909090911
4322.734090909091
10224.454545454546
17844.125000000004
21622.676818181815
24129.325909090905
25863.514090909095
26058.105909090908
25158.659090909092
22290.05227272727
18178.54090909091
12623.786818181818
6285.687272727274
1799.6768181818181
79.73272727272727
0.0
0.0
0.0
0.0
0.0
0.0
0.0
0.0
10.52909090909091
955.1554545454545
4733.087272727274
11345.199545454547
19532.950909090912
23951.91727272728
26429.65363636363
28145.183181818178
28183.870454545457
27149.066818181822
24057.30409090909
19597.006818181817
13709.618636363635
7083.55681818182
1936.9618181818178
70.26954545454544
0.0
0.0
0.0
0.0
0.0
0.0
0.0
0.0
8.57909090909091
992.3399999999998
4792.649545454545
11006.73181818182
18991.84181818182
23384.721818181817
25867.408636363634
27219.668636363644
27297.28272727273
26287.30363636364
23395.73318181818
19221.96954545454
13718.900909090908
7028.478181818184
1953.5718181818183
64.91045454545454
0.0
0.0
0.0
0.0
0.0
0.0
0.0
0.0
6.471818181818182
1001.5759090909088
4919.826363636364
11245.26409090909
18959.10545454545
23018.413636363635
25330.696818181827
26639.543636363636
26991.939090909098
25973.889090909088
22887.95
18860.15863636363
13261.364545454546
6680.886818181819
1725.7413636363635
51.75818181818182
0.0
0.0
0.0
0.0
0.0
0.0
0.0
0.0
2.529090909090909
762.074090909091
4405.775000000001
10676.79772727273
18866.017272727277
23001.82454545454
25125.518181818177
26705.973636363633
26618.19954545454
25428.27454545454
22283.120909090914
18273.081818181818
12552.28409090909
6291.71090909091
1594.5154545454548
44.390454545454546
0.0
0.0
0.0
0.0
0.0
0.0
0.0
0.0
0.9445454545454545
730.105
4498.619545454545
10943.915454545455
19139.781818181822
23420.96272727273
25786.27045454545
27012.82454545454
27455.69772727273
26503.779545454545
23334.05590909091
19297.554545454546
13415.275909090908
6727.00909090909
1662.8004545454546
40.58590909090909
0.0
0.0
0.0
0.0
0.0
0.0
0.0
0.0
0.12181818181818183
741.4068181818183
4596.553636363635
11096.25818181818
19012.08727272727
23098.309090909086
25496.591363636366
27107.688181818186
27358.13590909091
26400.72954545455
22782.648181818182
18321.701363636363
12524.510000000002
6053.41
1406.0836363636365
31.78909090909091
0.0
0.0
0.0
0.0
0.0
0.0
0.0
0.0
0.0
467.9886363636364
3758.6949999999993
9559.809090909092
17058.220454545455
21137.661363636365
23340.596363636363
24956.26681818182
25017.39363636363
23495.05363636364
20543.556363636366
16646.908636363634
11257.10181818182
5489.784090909091
1311.4950000000001
29.00272727272728
0.0
0.0
0.0
0.0
0.0
0.0
0.0
0.0
0.0
426.97727272727275
3673.5899999999997
9608.051363636363
17176.352727272726
21478.567272727272
23618.21909090909
25248.377272727274
25454.017272727273
24536.044999999995
21183.299999999992
17195.053181818184
11653.467727272726
5683.0881818181815
1296.2072727272725
25.41590909090909
0.0
0.0
0.0
0.0
0.0
0.0
0.0
0.0
0.0
315.97318181818184
3390.8663636363635
9073.075
16364.788636363637
20097.40227272728
22480.81227272727
24459.35409090909
25136.959545454538
24705.644999999997
21531.29863636364
17219.02409090909
11678.878636363634
5383.154999999999
1120.6963636363637
21.950454545454548
0.0
0.0
0.0
0.0
0.0
0.0
0.0
0.0
0.0
285.0104545454545
3481.3336363636367
9483.21681818182
17076.438181818183
20968.82772727273
23569.534545454542
24993.07545454545
25103.804999999997
24330.47136363637
21154.089090909092
17206.33681818182
12020.07727272727
5753.074090909092
1173.1645454545453
20.862272727272725
0.0
0.0
0.0
0.0
0.0
0.0
0.0
0.0
0.0
226.17954545454543
3222.465909090909
8959.860909090909
16625.48409090909
20597.960454545453
22788.397272727274
24270.174545454545
24189.34772727273
23411.95272727273
20494.28
16599.238181818182
11230.857272727275
5143.430454545454
989.1304545454545
19.360454545454544
0.0
0.0
0.0
0.0
0.0
0.0
0.0
0.0
0.0
154.8368181818182
3228.924545454544
9229.745
16914.08727272727
21182.25772727273
23718.820454545454
24918.769090909092
24956.255
23929.398636363636
20803.328181818182
16528.279090909095
10957.343636363636
4909.8504545454525
926.4168181818179
18.58909090909091
0.0
0.0
0.0
0.0
0.0
0.0
0.0
0.0
0.0
107.27999999999999
3301.692272727273
9753.021363636364
18158.815000000006
22455.805909090905
24783.666363636366
25543.403181818187
26255.035
24833.81045454545
21603.76727272727
17820.82454545455
12314.385909090908
5777.776363636364
982.8649999999999
17.89
0.0
0.0
0.0
0.0
0.0
0.0
0.0
0.0
0.0
111.81636363636363
3474.5881818181824
9884.89318181818
18064.977727272726
22450.580454545452
25268.335
27206.8
27271.868636363637
26141.105000000007
23022.06272727273
18360.09772727273
11901.167272727274
5285.199545454545
882.419090909091
17.168181818181818
0.0
0.0
0.0
0.0
0.0
0.0
0.0
0.0
0.0
52.12681818181819
2766.2200000000003
8499.96227272727
16335.607727272729
20669.883181818182
23449.098181818183
25176.211363636365
25394.253636363635
24585.352727272726
21302.39136363636
17194.226363636364
11732.457272727272
5240.621363636363
828.9218181818181
16.627727272727267
0.0
0.0
0.0
0.0
0.0
0.0
0.0
0.0
0.0
46.272272727272735
3028.4177272727275
9144.851363636362
17159.32636363636
21266.315
23683.779090909087
25173.621818181815
25170.47954545455
24003.04636363637
21532.179545454543
17680.920454545452
11914.333181818181
5417.182272727274
823.8245454545454
16.292727272727276
0.0
0.0
0.0
0.0
0.0
0.0
0.0
0.0
0.0
29.50590909090909
3147.1636363636358
9844.455454545456
18080.84318181818
22415.665909090912
24595.289090909086
25829.615
25851.66272727273
24598.488181818186
21264.538181818185
16881.41727272727
11158.55318181818
4915.740000000001
715.436818181818
16.021818181818183
0.0
0.0
0.0
0.0
0.0
0.0
0.0
0.0
0.0
12.04
2451.0736363636365
7851.130909090909
15297.949545454549
19436.83090909091
21924.272272727267
23883.253636363635
24246.229090909088
23437.466363636362
20644.75681818182
16769.189090909087
11231.034545454546
4999.309090909091
708.5468181818183
15.905
0.0
0.0
0.0
0.0
0.0
0.0
0.0
0.0
0.0
10.395000000000001
2605.3868181818184
8510.110909090909
16456.720909090905
20710.991363636364
23276.832272727268
25065.994999999995
25566.767727272727
24346.22454545455
21036.053181818188
16984.12727272727
11422.155454545455
4893.450909090909
670.095909090909
15.854090909090912
0.0
0.0
0.0
0.0
0.0
0.0
0.0
0.0
0.0
7.680909090909091
2665.923636363637
9077.457727272727
17333.506363636363
21663.73409090909
23908.866363636367
25602.406818181822
26229.096818181817
25452.14818181818
22104.262272727272
17721.464090909092
11757.781818181817
4965.704545454545
642.4454545454545
15.83
0.0
0.0
0.0
0.0
0.0
0.0
0.0
0.0
0.0
5.6027272727272734
2751.8527272727274
9299.020909090907
18003.707727272726
22623.61909090909
25496.976363636368
27596.914090909086
28039.35818181818
27073.727272727272
23732.829090909087
19169.059090909086
12515.910000000002
5041.780909090909
631.0477272727272
15.83
0.0
0.0
0.0
0.0
0.0
0.0
0.0
0.0
0.0
2.691818181818182
2195.074090909091
7909.431363636365
16141.788636363643
20810.52227272727
23433.23318181818
24971.78909090909
25375.328636363636
24496.21
21474.36818181818
17196.177727272727
11272.041818181819
4357.47590909091
588.4436363636364
15.83
0.0
0.0
0.0
0.0
0.0
0.0
0.0
0.0
0.0
1.5927272727272728
2315.2050000000004
8582.55909090909
17006.055909090912
21642.326818181817
24459.903636363637
26065.76090909091
26548.18545454545
25598.167272727274
22424.011818181818
17909.151818181817
11588.83818181818
4540.480454545455
581.3231818181819
15.83
0.0
0.0
0.0
0.0
0.0
0.0
0.0
0.0
0.0
0.4636363636363636
2028.7522727272726
7899.590454545454
15970.12227272727
20216.93090909091
22683.95727272727
24314.03090909091
24632.752727272724
23401.214545454543
20199.66772727273
16009.380454545455
10255.071818181817
3863.596818181817
553.7290909090908
15.83
0.0
0.0
0.0
0.0
0.0
0.0
0.0
0.0
0.0
0.15954545454545455
1933.9622727272726
7742.852272727273
15477.209090909095
19518.34818181818
21772.914545454543
23508.388636363637
23953.10454545455
22865.51318181818
19747.135454545452
15468.819090909092
9624.650000000001
3757.0163636363636
541.050909090909
15.83
0.0
0.0
0.0
0.0
0.0
0.0
0.0
0.0
0.0
0.054090909090909085
1861.2222727272724
7624.666363636364
15175.225909090905
19410.819545454546
21896.836818181815
23962.22272727273
24225.878636363635
23352.112272727274
20399.14136363636
16145.630909090913
10504.864545454546
4032.5654545454545
529.760909090909
15.83
0.0
0.0
0.0
0.0
0.0
0.0
0.0
0.0
0.0
0.0
1915.745
8340.298636363637
16734.408636363638
21201.551818181815
23908.408636363634
25813.28772727273
26282.60863636364
25366.685909090913
22135.64909090909
17468.39863636364
10884.791363636363
4050.1427272727287
530.2513636363636
15.83
0.0
0.0
0.0
0.0
0.0
0.0
0.0
0.0
0.0
0.0
1546.1645454545453
7298.14590909091
15192.583636363635
19705.78545454545
22473.712727272723
24358.400909090913
24976.929999999997
24080.78818181818
20823.329090909094
16559.914545454543
10696.927272727275
3813.9418181818182
515.2709090909092
15.83
0.0
0.0
0.0
