15.324618192216644
14.861571327784668
14.467595957210829
14.15670645856204
13.843883002978844
13.577999870145517
13.570830262501056
14.695221808047767
16.06144447890117
17.72083804718322
19.20092508076905
20.321359303509418
21.0898707422799
21.618541508029338
21.90233027339947
21.879659753758624
21.61178818633078
21.09923626152948
20.479346826437943
19.49190040166086
18.00810259294943
16.7634193406688
16.219432040496233
15.727362707055994
15.322735566765294
14.918892930001503
14.586920198567658
14.267666865821491
14.004575839175205
13.758502776032941
13.744975675894283
14.8214866546312
16.18712356453258
17.836258308442538
19.22418704810727
20.38210316206986
21.178179918545997
21.72750856257219
22.017653307168164
22.029973082433045
21.790428006684227
21.273972353996825
20.592637919147435
19.555635108983267
17.978267757521014
16.48568946149682
15.860151121809798
15.23855408950593
14.66976785225304
14.234252887517597
13.825423905478448
13.417524070198057
13.05676922721011
12.758011853028643
12.722826730348329
13.717176948536773
15.015600153674779
16.445439868772123
17.79036316167968
18.90485276197038
19.609760649806294
20.066625193601656
20.306633718826177
20.307888097695454
20.053477934863096
19.543121636312762
18.85283319271468
17.881062462426858
16.344566471049827
14.923582034989813
14.328456857912562
13.770653543930921
13.27599009024435
12.792263909567533
12.399012511787157
12.086925387355496
11.813233916010098
11.53329453801924
11.490425795358957
12.62805541231578
14.126204564558007
15.67257048139217
17.109895578317357
18.271538367770646
19.0384544433971
19.588879702544652
19.949724722151924
20.099504118373364
20.005856395615584
19.656760024105537
19.164921464086657
18.29279327459655
16.743357956200217
15.348352806523216
14.813801112747534
14.367068920360055
14.004055146062363
13.724700646283667
13.454731941152437
13.219739407089124
13.018278629466288
12.850840663859202
12.909135674992177
14.041974032183377
15.470708430866386
17.133685040252853
18.556069260571967
19.617407706541584
20.361814167869873
20.85638671039812
21.0968343356517
21.06396665732348
20.82560861447918
20.347788467909417
19.814910196702836
18.910168300229913
17.522714737870505
16.252885001214874
15.643513537698107
15.111396944887703
14.661336823216253
14.269504871135764
13.916314478246273
13.599284136686839
13.279254623389606
13.023343676684242
13.01627760181516
14.003104228150223
15.276306294341953
16.745142177843842
18.04759597319686
19.1166986206854
19.896197396426448
20.442687527369927
20.739285856999476
20.77150763300687
20.58248239015289
20.145166131673893
19.563365534513363
18.685412018560843
17.195856728250757
15.73902662235764
15.165970446281158
14.604243353607979
14.132219655296536
13.709354857222367
13.353078405771402
13.036796753721609
12.77395831678188
12.5676035032522
12.66225024637123
14.022004956141853
15.689288579426155
17.638760429079284
19.190090118269453
20.368377976687427
21.156178290312642
21.713882117948717
22.0366340120314
22.112988998023944
21.950817080123137
21.577354440171412
21.02895911543951
20.18240995285736
18.548891140384953
17.064202773257332
16.42787205600381
15.848999128652155
15.332535405200288
14.912664230213363
14.618966090398818
14.343437006869795
14.106182262748701
13.866748160011259
13.97700363549567
15.308844975843188
16.951035079144294
18.942398483953014
20.56592809707623
21.73071949351558
22.468895829101356
22.955076037645227
23.1930942366898
23.167009027047015
22.930071312642472
22.477509884516024
21.89376637691676
20.861502870971986
19.232373419416106
17.766757403665352
17.182529397986936
16.65414528152918
16.21969502717435
15.846282325077727
15.526796075113412
15.247628842291384
14.959558421315625
14.718408146178577
14.790717409272737
16.016938420575197
17.524778543246146
19.254692181501728
20.69398856264697
21.714338874658033
22.354897548586386
22.789822349718072
23.046837236722695
23.04652450012355
22.810616060399404
22.372033070216844
21.81668099872941
20.90213577165376
19.340430495265757
17.914675102456957
17.31057435255719
16.761501840244595
16.278137709017344
15.863022610307224
15.48532508891502
15.137023813810247
14.80916515456132
14.50155667387804
14.528206974186508
15.71626007928739
17.226842370290253
18.927009945061208
20.408158410279608
21.539764714833296
22.329780074986466
22.810676707132483
23.06966098677173
23.084521665679755
22.8961321216329
22.416106260356585
21.868079794781796
20.929192511557833
19.32130480764529
17.86439929054673
17.253822887116822
16.75664072438938
16.34032787379069
15.989430460748492
15.662613182326659
15.422332910377554
15.208084889203253
15.000670661732165
15.025737326726187
15.951878487902725
17.291663478172776
18.839976593039278
20.276357788839423
21.405516255752673
22.178657034576748
22.736200203557747
23.010583375686334
23.03222299232033
22.846043954996443
22.40534919884991
21.8431577850087
20.95525654743299
19.48444522927071
18.072130181406383
17.48320801734727
16.946605340552505
16.512979565229823
16.15114614023483
15.871291883587903
15.60645101432154
15.32846337416803
15.079546753715256
15.146908890405127
16.193743794317978
17.572706166875932
19.09933792964726
20.42821112025789
21.570284954108452
22.328861912353712
22.859430947125958
23.149004559030487
23.202668969052908
22.98725018260873
22.526966167842627
21.96033116763617
21.08165519215855
19.568105140783448
18.144499976175528
17.603639466703836
17.104428893876634
16.713924582550284
16.35112064812864
15.99570688573533
15.73169011718403
15.490614118301188
15.274866195993765
15.37429928075631
16.281780077860677
17.533948470805374
18.929011766255243
20.162203269833988
21.205460302975922
21.905072129950202
22.364028515009746
22.540217470244617
22.56829667418008
22.30912438199758
21.837205099201398
21.322960709871094
20.540943362242434
19.24875773413051
17.898993128544088
17.357745096272485
16.905174462430328
16.495770942845965
16.143638576735256
15.825392197961536
15.556905486954777
15.270284777045658
15.013099532295051
15.06754226666535
15.95874647564505
17.19332766397973
18.626281306997058
19.979662130533196
21.070645503220266
21.797803732045967
22.3116685542827
22.588963380796944
22.70940201723659
22.526582561726034
22.147222588960187
21.647986038359875
20.78477011663355
19.288257827356514
17.709776332081308
17.09529872287917
16.552213330635336
16.158863192095993
15.821973725730247
15.52599332505248
15.238123286025647
14.960610559918496
14.68177838992736
14.703612839859721
15.887071283973091
17.476860309625355
19.274880480962995
20.77230250776941
21.950931482091605
22.751453085989944
23.27703073125903
23.585948704523968
23.637150270328302
23.44795238877824
22.984620021053384
22.360418527836206
21.49483850265074
19.728778443527705
18.11862789902889
17.47457421681865
16.930762960195924
16.472102808460864
16.03503623925745
15.649663042544024
15.322121665223033
15.077471452634422
14.868006872672664
15.052807964117825
16.311474835723427
17.768422104854526
19.480879310105514
20.97863740858838
22.110295542582595
22.854392036113225
23.286244271992782
23.540467431127432
23.62177483996347
23.52705572322326
23.143826323320244
22.669479001477697
21.754964291980176
20.1688657605318
18.70608750122959
18.11238303090919
17.568528646138876
17.103797261836668
16.73710901980591
16.399735307572403
16.093685367170313
15.789372532713138
15.511870903907145
15.611288603774938
16.7018415777259
18.067389961429573
19.78452518353234
21.22723297593145
22.329299399811383
22.920054647296695
23.35517302066978
23.514356370758723
23.49113691302871
23.251156142104602
22.811700500514505
22.218283803389458
21.31952083011515
19.83921904957877
18.348641924824292
17.788314731468283
17.299865388101008
16.910199049116144
16.562043173877402
16.231399092043244
15.94846066842027
15.70051972772763
15.452865551384832
15.5848287350546
16.70368310565135
18.155227376291688
19.855006419417155
21.31357540778251
22.43667626154364
23.175020569914807
23.657332486272797
23.93128298976275
23.988101681527507
23.81678937066118
23.475228444939816
23.03440745699285
22.117806076564616
20.53881851913645
18.981655317661275
18.345505940396777
17.840837386995922
17.39718961379586
16.999902833784066
16.637499284943186
16.31673293607165
16.006500321986707
15.715032739700574
15.809728159617777
17.02955863873402
18.546571563534016
20.28719384517481
21.67536130291967
22.750814885406275
23.50787428772112
23.986668611830286
24.223598897046404
24.32750772512638
24.115554953701885
23.65251325960338
23.085442312010244
22.17792041549698
20.439765781138274
18.761100499423552
18.07987829864247
17.491070890765553
17.035694909638384
16.679886814737685
16.329550445931346
15.998183652360666
15.696391292424094
15.402310295720355
15.484246467550326
16.8130205390849
18.43218765180458
20.237603669926827
21.680990667597772
22.773631069113616
23.4810672500232
23.9451900592902
24.219834144101185
24.284433557230862
24.13559050684039
23.751043554638866
23.23661984301067
22.30578604776934
20.583689334260654
18.889142805774245
18.27150914935007
17.757832740068856
17.31657605694659
16.943472061590672
16.613082082731406
16.298899586076086
15.988981605699491
15.712900431438937
15.820934176793566
17.09030199933699
18.670715949325857
20.486065817444867
21.980435582016
23.115169938327487
23.89168871039635
24.447058321622944
24.784739238376392
24.86394749181791
24.722584148499063
24.293918866784352
23.74250129297253
22.78237440590205
21.028134233546186
19.33079837319803
18.71427406857039
18.167274229456403
17.733858294009767
17.36036059667489
17.035144860576143
16.75945448786356
16.498126166618242
16.26331446812117
16.376459907811746
17.538951766907626
19.00899246421701
20.701046903011726
22.124016001543
23.219600340502367
23.89388257763287
24.323029594149055
24.539005904917225
24.606432607722784
24.39512701072365
23.95572118088297
23.383151142259667
22.59075037783254
21.05871562761801
19.60452894929786
19.003645407882075
18.499916594118357
18.121379461010637
17.792800233822003
17.4923490079489
17.239937368166654
16.97178761157623
16.734174348965002
16.864677354795486
17.974973940736383
19.477098701110688
21.081179789569667
22.47225991054573
23.545268934139973
24.274093775827257
24.793912300123644
25.089775559658598
25.114534022334695
24.919658988513515
24.507972955854516
23.949079205930538
22.991186785665
21.404420524563015
19.89415666148692
19.372357658302377
18.848417254315567
18.398501649770285
18.009724229827572
17.619575158243283
17.26801001554749
16.977534254550427
16.705242430310843
16.8128015138305
18.0256562042313
19.59682408468244
21.472091938701844
22.961650897124677
24.120363999077952
24.91596659814189
25.458069638071358
25.72223660955267
25.76244554194726
25.541400171615557
25.0676033011305
24.471779498504432
23.53594977395493
21.819293260116964
20.221747105912264
19.61822757715951
19.07599049792412
18.607257149399626
18.207298946350633
17.82181780316255
17.486081195058034
17.199194023815945
16.928140809710023
17.04771650488065
18.30303224375444
19.924558667916862
21.822734504124075
23.364806522052632
24.481121250063197
25.18172565496068
25.567807072303314
25.775627497264715
25.780440326627932
25.503538204294685
24.9951195197439
24.39749202736608
23.527664762382052
21.982350325878162
20.41761536017423
19.826865672387058
19.3011481869501
18.910976794657852
18.542262916852614
18.18898651987931
17.926399159377787
17.655099786955756
17.408067942216437
17.566772468982478
18.8450728623065
20.508184026469245
22.457534688549718
24.00148530301269
25.11742991080921
25.765740175687018
26.107332638879654
26.26279839308791
26.28503890335729
26.13644919930755
25.810338112776204
25.425407042628514
24.4582512763451
22.672337767172028
20.969536359908485
20.362044501771702
19.82124263144806
19.394488229325614
19.02232813509476
18.678893404855376
18.365815215768816
18.105037345881016
17.867192805425663
17.997238552007044
19.165522193450567
20.622920416546027
22.419051020153834
23.783244145956214
24.797092196135562
25.34983792617186
25.77555171514898
25.99675371980113
25.914002664019378
25.662439589456973
25.16686804866266
24.551989801668366
23.652058963555145
22.121931688079133
20.65815227566645
20.066918215905837
19.584861170204494
19.222290783529473
18.88925800762571
18.57040342108629
18.308558949232427
18.050360571330348
17.848439255710346
17.968124915046772
19.026369105584767
20.43572522047549
22.140971323784647
23.52859009565175
24.62867174200232
25.410265007227153
25.82610043271318
26.116734593510408
26.086297602448145
25.8395008187238
25.38846501729221
24.883018139543466
23.947776950271283
22.289345957804695
20.784676773875358
20.233368912017948
19.78485308068417
19.419918464444336
19.107734490839114
18.795872969495345
18.492437956779206
18.208104299749735
17.943043376046056
17.978809100392485
18.92894855359351
20.21065430509807
21.72806673273897
23.102829533450965
24.148950048603187
24.889384180547435
25.32289357136145
25.55218437359074
25.54297551075679
25.30522012702761
24.85452960298819
24.340657099351656
23.472080298436605
21.972125197587715
20.51194068021474
19.95176342652979
19.394684841975774
18.891350360719482
18.46161721598178
18.081075254539197
17.725448121310414
17.401653722496988
17.071269922816736
17.14279443017259
18.362513684066098
19.93671554142679
21.70468157306757
23.08965023375987
24.073158514843783
24.773821180572245
25.27882896933953
25.573352986396422
25.660222160792888
25.510939758161978
25.11758949351695
24.507718399237657
23.565470020932025
21.928951658404745
20.359727708285458
19.83983718868497
19.32836321536222
18.876072031739586
18.458964841369774
18.0577622273252
17.721998632602027
17.451507723788904
17.23484036486119
17.375415810846953
18.620587481530876
20.246815504309936
22.079066435953948
23.467281939968505
24.509631264319797
25.168134148079957
25.5628819270816
25.757953949045543
25.79142215373963
25.49780232556153
25.060748240821912
24.49598439691388
23.558587052473182
22.02964504442195
20.591545921790072
20.0215842533566
19.491567698680576
18.99802784673405
18.55322998959805
18.134620375981214
17.74417697370541
17.396924015240963
17.104686305477117
17.15213660518026
18.37510925989213
19.980501721470613
21.783464101090477
23.263725034429353
24.370140339297777
25.12782736965534
25.585584867875074
25.88564505103641
25.955014033752203
25.817681280648348
25.393360592328516
24.833498602880397
23.91986486776627
22.182531307585972
20.549950595376675
20.017670065163124
19.530454287701712
19.070617948151895
18.614209539701957
18.193650584255966
17.82875594352136
17.479431194598167
17.162308291458803
17.282692702449708
18.739076405231067
20.563382930318383
22.7737931879325
24.29307878956296
25.365072536208913
26.075776620091766
26.520926827586432
26.82872523449355
26.85993223797544
26.627187159603633
26.155141014478534
25.656052890280932
24.66484309325597
22.858959990688017
21.2586995375099
20.632514149503212
20.105595507323944
19.65447508897117
19.287453801800655
18.974455059301764
18.704183196080393
18.4365833864247
18.18191533744661
18.264534371613543
19.453055328841874
21.004461438083077
22.94246574028009
24.51490640550816
25.655088401726378
26.272891050829056
26.689136445928657
26.895068816428548
26.891037222891786
26.682743029882833
26.241649401423878
25.627769281003374
24.66066193930675
23.078155024150004
21.63002772446171
21.021017932077427
20.484005159563388
20.012634310433565
19.605278747331656
19.244143191251304
18.8923412220608
18.563300700240834
18.25178117754117
18.2782452197385
19.463539888872845
21.029502252351165
22.888892264452632
24.38684683560789
25.52399031511153
26.29110387225593
26.80364925060869
27.150934503178576
27.220669696831894
27.021176672469633
26.538247479783525
25.910559416318424
24.93191819557026
23.168415938253467
21.598859573522866
21.009042059031163
20.4169183235942
19.869662616025607
19.429015401725984
19.056839292071892
18.732699868077678
18.408695377176812
18.08892463276516
18.069314193912668
19.371393833669405
21.079599763739623
22.955949856831207
24.352367779653875
25.38272319137925
26.052687191205084
26.51679877706525
26.75623465633001
26.79760313058765
26.583944653536232
26.19363341002851
25.618758915939704
24.664263909195913
22.896040002457003
21.271388690226722
20.67265537701182
20.114111444285026
19.68576445334381
19.296565840380723
18.93363693521558
18.610111898166085
18.297875086274782
18.0362013615316
18.042336661315456
19.22955570335138
20.863807831486227
22.725868005567943
24.15521729561847
25.217176812134632
25.87628639039215
26.332907676302376
26.57173572611852
26.56853920449225
26.36376790017132
25.918668776530616
25.34483944643972
24.447637535560514
22.76405589723098
21.26774184610608
20.6613413066515
20.160546594087087
19.7575919936256
19.432611192436134
19.11524137434648
18.820165403711304
18.527712179315156
18.264377012043884
18.256358208651083
19.35987409138627
20.784602994887535
22.487811482381236
23.911524856722824
24.984591636725245
25.60479243782464
26.079828181702315
26.351354177105364
26.375256003797166
26.17193529328272
25.71455940194282
25.059530488908692
24.093077257450624
22.501610911000306
20.98889000456807
20.418745482877238
19.895539014033787
19.434303027378146
19.04358875007006
18.667972729275082
18.328992934913483
18.013931733777273
17.73542769080385
17.725937233953534
18.899225632103896
20.446201017760693
22.295264486731977
23.831665909885558
24.896683111181883
25.512548776813503
25.926145574006647
26.144992428703983
26.18394950986698
26.014051978789848
25.549206468833926
24.93902238022033
23.995500460503596
22.36552420920759
20.823775285116525
20.287298209593686
19.817003924779797
19.445193269429037
19.10709961978432
18.791805375324255
18.494152813134324
18.216202374160773
17.94570225963194
17.9144477253507
19.038849863775788
20.53603317250206
22.301966758660868
23.836436873099604
24.912563481679
25.62609409860355
26.09251985006773
26.3324345526554
26.391246597136764
26.214811116316298
25.69717107894397
25.047618053492172
24.064242698858095
22.334782547728345
20.718525208856462
20.121091414825774
19.563921655854454
19.111297174880647
18.74357625331572
18.398440483360115
18.063169961903338
17.770728969759585
17.5053182288587
17.49575475681117
18.716965588861935
20.430401878726826
22.254400958130404
23.683920490868807
24.77697023146975
25.525728348111837
26.017557209039804
26.296910963231923
26.32656913657112
26.1559918957994
25.756396498834157
25.282689920026545
24.428019424597984
22.596038117976885
21.021913322243247
20.372884644270126
19.769985429429767
19.27230880627329
18.85594929656755
18.47655060935341
18.13845859908272
17.846259982084238
17.583168829332266
17.55725487122292
18.900966792826907
20.66768816126068
22.69838557163017
24.18924770630232
25.269188507724554
25.934564025741903
26.411627423085157
26.661594136705546
26.650177919791
26.406034652095205
25.92302210354486
25.349891146791403
24.332069643324363
22.532938996286493
21.083683807264514
20.472577003282552
19.951873354162416
19.528580553360346
19.13795455003858
18.7819636018805
18.436506514614702
18.137693780033256
17.879067903826037
17.891398271969265
19.212131213879292
20.80767482069925
22.70505278617591
24.19336430706644
25.245979265497315
25.89803499561434
26.270491953698183
26.47568471429849
26.522191743405052
26.333051239946073
25.948746284572714
25.346008232810217
24.443599796112608
22.761631049618714
21.297001937034942
20.69895552153923
20.156614657317085
19.687724307202647
19.297837913780484
18.947813908779985
18.629051757714816
18.33678113436463
18.068596950919538
18.029525502939013
19.20204352140024
20.77345604689917
22.74061232865295
24.2805664014385
25.369392862322886
26.045423933227934
26.46421111471053
26.727823473346408
26.758667166321796
26.52607354088934
26.014877252306416
25.39489525563495
24.489778068614513
22.835482081878173
21.315561170805243
20.750480549392048
20.22423833815932
19.831974221862986
19.489181874032578
19.18837591284019
18.93027993276223
18.658142461893007
18.38772091121198
18.369291830507738
19.617774532312524
21.287608264955693
23.221666972175957
24.638989183802856
25.66557857506077
26.31932248211316
26.784092718016925
27.051996705655906
27.119696301184852
26.95253778579729
26.535357706335944
26.023493814205096
25.060129415633774
23.268168760081263
21.745813504677226
21.15656170033209
20.637478887706347
20.21274633818751
19.84930582221886
19.499697083271123
19.182026376993843
18.910051330259442
18.647096623869164
18.57676483522167
19.835679504517405
21.50994459127345
23.505142113624785
25.077816326599507
26.2503828957532
27.058720782822377
27.627265538717428
27.929074303441883
27.96134753057273
27.76696254348128
27.315867346267456
26.827214216097488
25.808442758432033
23.904864060887306
22.423721659789862
21.793451834436514
21.22492941029702
20.753063596315382
20.34570626773374
20.00021046601967
19.69754785068377
19.424670517703547
19.19417478660867
19.14964712353419
20.373707565968818
22.097557537998934
24.131703560802233
25.73279241333661
26.883486958584708
27.54748212366751
28.02662613886814
28.223467802046244
28.217686870312164
27.976407462943722
27.47673912644465
26.85004767628501
25.85105236587874
24.14928565584047
22.822452614206785
22.27449512844699
21.823016065498425
21.454051993994824
21.14102550824313
20.815553020949892
20.49977364788219
20.21833827803474
19.98282253144399
19.875261693492188
20.905508276002998
22.398232613469247
24.18948935808137
25.547243401005094
26.540654131767784
27.247107949315385
27.63833372236888
27.84099667662718
27.798982300048696
27.517435326661396
27.02336028214644
26.41842219043368
25.413123108559144
23.64415479990422
22.272895604756517
21.697072417526247
21.138509442839545
20.666226471219748
20.261964280809583
19.89268507117487
19.56684221145622
19.29202486846826
19.035083512131237
18.933582178916993
20.050973849560556
21.6074118282329
23.458709764009154
24.87277201732155
25.935270131259923
26.66089340156935
27.111345092470536
27.349140210541126
27.355116743255316
27.12537071051562
26.607606206822616
25.987723833649987
25.04087272359236
23.29949709757883
21.883291436820656
21.30181694898669
20.7658582939749
20.33326469376361
19.97651282384351
19.64248999213041
19.342403337820784
19.053421424883496
18.784617558054496
18.64698025969786
19.814046602870174
21.38584400294942
23.192784134498194
24.589719216774952
25.679871552933754
26.37658118344947
26.88287361092897
27.182087750984348
27.259893582994756
27.098924587316013
26.63370353460117
26.034137797695337
25.020870349182136
23.08835644776989
21.664200327381693
21.10918659747321
20.60660534553156
20.163643713416526
19.720758501352503
19.327130047544884
18.998979579718334
18.71963718608633
18.46047662173345
18.366493457827673
19.76574030970027
21.471602061011097
23.583347475278753
25.127507299089288
26.275749214680555
27.00139921939726
27.465267673478
27.77850918048682
27.82082836557706
27.62005776442148
27.15293529004147
26.52904616063016
25.459198617850408
23.610289891614137
22.258657030160265
21.72176090541384
21.17733727953751
20.72426121407086
20.383022488399533
20.093742839916995
19.80463696508179
19.548738502840227
19.335420637270268
19.207200912196175
20.244625430851116
21.84396935888749
23.723748518030217
25.157835472926084
26.269797032354532
26.944707780267592
27.443526049326024
27.703061284745555
27.70124473773674
27.443910562160656
26.9577053957368
26.313380712388554
25.27922007237227
23.562994209481793
22.287996283138973
21.733358348200806
21.249163558762366
20.835528436485603
20.485038597048767
20.184816883540094
19.903642804692126
19.648065029232228
19.437523380531772
19.285923407443104
20.239134795367786
21.625958470829598
23.274409469662725
24.567437242651646
25.514862649090652
26.10649496168281
26.556209943115388
26.84573336495342
26.851019342883266
26.6322109614704
26.12659270608251
25.546940445537416
24.655860713925993
23.068749679854623
21.93828174245487
21.43698121994889
20.952548469064496
20.543849249785207
20.173064338155395
19.822173608715023
19.46039201316055
19.145196383353785
18.81002296328193
18.543562140261056
19.41240780956487
20.678829298656584
22.25395210590591
23.532196003878685
24.632070584678498
25.400757688681747
25.90581377593012
26.168128254755814
26.21974886978372
26.04538707100742
25.637849537388
25.08371135931804
24.092757178536303
22.290179432332955
20.988626042687912
20.400139321592704
19.85013476209033
19.384255563754696
19.006254001532486
18.65855702491687
18.31504688347205
18.031449557594105
17.775764844505105
17.592436678622004
18.795543398820055
20.416765656046778
22.283204724272352
23.733899546952944
24.843127639342388
25.628546194711213
26.18063920167161
26.450712711682744
26.44379960302135
26.204112532260282
25.68764300794646
25.12268332189452
24.059344346231253
22.23208859830883
20.935037181965697
20.396606729231472
19.930003305890985
19.534902946414448
19.21169355191887
18.90546340647902
18.629208584676814
18.37557939441193
18.150765733710248
17.971827559272143
19.053089443952384
20.54317892903292
22.49695173951055
24.053052385449494
25.087528300750208
25.865314813368208
26.398211128736715
26.67689639664105
26.736249182341442
26.540391406841206
26.111889684212553
25.61289740034295
24.568939356691565
22.736824630245447
21.53030978858916
21.000483527406473
20.526701537393407
20.161876002579508
19.83404458216064
19.53727034613452
19.233201526196655
18.964256168778167
18.724188637136084
18.54049753906355
19.67746157016359
21.26531752162132
23.126605424428515
24.506835411429893
25.513626839143445
26.149208877934928
26.645462787691027
26.943107920692537
27.03165404861754
26.859718775619243
26.444828145045733
25.81591685634174
24.79962249283791
22.942960662383832
21.733986003046123
21.206608336138032
20.70564123708893
20.25338460642664
19.892614630755318
19.570180155753842
19.28548999792537
19.034164254280455
18.822661049657686
18.620828008024
19.735934517373344
21.267763221930235
23.147023960561917
24.45974011124649
25.473384752940216
26.161861447069715
26.608544973706604
26.85631089074254
26.834155008441897
26.59716231195443
26.158277550844385
25.588464308813624
24.60238966178383
22.837347906145755
21.7009123950599
21.179886293678347
20.724851302349734
20.337821455124622
19.973298952295167
19.62544648735796
19.284852540103795
18.997259807499685
18.72361764348092
18.499116220479397
19.60473882495077
21.080399044228766
23.010967650241614
24.474892095250837
25.573620627496926
26.238005837493517
26.74575188531621
27.029423372390227
27.06021107443714
26.84239060503678
26.35244615255277
25.776266086206387
24.767638948942228
22.81860053560949
21.589962341397992
21.027145191099542
20.52183501192388
20.076027552595843
19.650085901675947
19.258121412510313
18.93989558896482
18.662845166334545
18.440312883756253
18.228530985548126
19.465957874990124
21.18905096064045
23.20868675778517
24.717244169647746
25.89160017860968
26.593150250111975
27.04356410930473
27.267260484598673
27.272701572533038
26.971260416956305
26.406737561030898
25.7677521927976
24.673525644900987
22.740020048305393
21.518568995953746
20.931437154442737
20.409261221336607
19.96551685117439
19.589725165146653
19.268606729175428
18.96942299164007
18.71820973427484
18.470805751630376
18.214483069831726
19.449185824056126
21.073611292034723
23.14013469974892
24.66563743823532
25.788264008478567
26.584194860665914
27.107823290211524
27.41670784546736
27.448358236571927
27.238926822407894
26.742760819368605
26.083993250802788
24.96504859957619
22.98671873378831
21.818374194341803
21.25379257316266
20.745275778381377
20.346268033953592
20.011152244184245
19.73647639178578
19.48615659326774
19.271734546234708
19.0702538439121
18.879689859370988
20.030414543880138
21.627039759243807
23.618067722904538
25.180417158228828
26.28005882181046
26.986425500323016
27.481913065772247
27.769793078196532
27.797547433862373
27.59342267343833
27.186483385234727
26.59356240959568
25.506565879495103
23.510972774626985
22.36696095950737
21.847648256200127
21.350775052424794
20.92959628748919
20.554229325441323
20.22491452373532
19.948515689229733
19.65765631470929
19.41097756591523
19.153297734629884
20.284625093386815
21.905433345617734
24.136818889542234
25.756092813785344
26.883752640622415
27.556293358108686
27.992607465679228
28.239004253187453
28.253954341033047
28.01353737051086
27.517213230930384
26.880171025347185
25.677955379035687
23.56553644530005
22.41753590705608
21.894568282398446
21.390927490409652
20.97738366865585
20.626085365610123
20.3155866685093
20.027168448027474
19.77001082042401
19.56784750797581
19.301221864811918
20.349423628349967
21.961649253103175
23.914132128429397
25.49001787513184
26.56775157468486
27.248694840716794
27.68639459766104
27.942131151238154
27.960548767371776
27.6912298848855
27.16358815265264
26.47068869064511
25.335017380069356
23.345267130355218
22.285061628994637
21.746322721731108
21.244145134118284
20.82117049798402
20.45408287921803
20.124679425208644
19.81972357781405
19.572779754849652
19.361027995902557
19.151052057348686
20.111259537005655
21.60978524085235
23.686544017279427
25.410068384405747
26.61599823279174
27.364019009436728
27.850548782966396
28.118665637018072
28.129781229003967
27.878008818988317
27.352681126253774
26.65086220845791
25.437094776086226
23.367859728665806
22.220566265052184
21.63817347554919
21.096639939984726
20.650265509453178
20.25589429310358
19.907235886671344
19.61241855881607
19.339743247158808
19.07451952100325
18.769139580157255
19.71372735625343
21.29824402891469
23.236184017207396
24.79218226532222
25.98311701165341
26.69581772700093
27.15826534821912
27.424963008782314
27.42204871170085
27.16471819318991
26.70498235987881
26.092154087058056
24.874907776885834
22.751642114029263
21.592177180971575
20.98641978056013
20.434219847018177
19.94189073584681
19.50809761826723
19.133357149310772
18.77237998198299
18.450406044978696
18.169820249196647
17.839787149453443
18.804837970527995
20.401924984945765
22.207954381167195
23.725028341123448
24.86902213417629
25.547586037960027
26.01881048942583
26.261860305690206
26.27783626336242
26.056774751501795
25.582122884406456
24.92409618679718
23.8082171650095
21.81174611229466
20.802914305487942
20.300537218666047
19.873589370407856
19.48886965340453
19.166323953180328
18.882527128093322
18.605381243452154
18.340262689445986
18.10363784327008
17.839649196288693
18.94062001389281
20.668193634876953
22.762186015546014
24.190146755791854
25.323332786383435
26.04994207711997
26.501411819294727
26.776096005716628
26.818190596564538
26.58878000497282
26.099397857781618
25.402379153255687
24.232377080557626
22.195282717659094
21.200478530017214
20.69376605551614
20.190450868431142
19.795763631210562
19.46960021081589
19.168498027346576
18.86133255596889
18.59860181329247
18.36036823676886
18.103039988160425
19.118557047209546
20.754451828123944
22.742820348788488
24.245583077872478
25.45810194880819
26.24039648780143
26.803913661858925
27.146254562349778
27.224534930089497
27.007646760090292
26.55762018253364
25.909579290467352
24.723026854181363
22.54681886803418
21.528294451424713
20.906294889743243
20.37739954079907
19.941480659523386
19.559156698508566
19.22295652587024
18.920957478700004
18.65321567403204
18.394584249174248
18.115660400343046
19.11056964507623
20.779548633320506
22.96955133246194
24.652108246963657
25.868173966669392
26.611653929458477
27.158816329860567
27.4897671117919
27.559653758384584
27.31732527774166
26.743234530545603
26.07717729619013
24.786874047783463
22.660874539570816
21.700213090460373
21.148047205456013
20.66313071312663
20.263718169418755
19.936547416734573
19.627526678376007
19.33997266022018
19.075823102372325
18.84963867276891
18.61322618858293
19.51024437451253
20.93692690743657
22.928662197939037
24.571385602223167
25.652626175040993
26.350775428167776
26.790967664168377
27.030901660927324
26.91625481788285
26.60294118946424
26.065673557341153
25.35955166102966
24.183995263007144
22.226238154152057
21.347950584214207
20.816880668670077
20.320518571275482
19.92016918836145
19.56329373486052
19.241785506186854
18.963543510847078
18.7208836244384
18.496492796131168
18.251279899932655
19.016777664810448
20.488231250323594
22.44656089008034
24.157973940178955
25.442370661103393
26.18387669145285
26.64653907066918
26.873153027316416
26.78500969202796
26.47446950615358
25.91983775039444
25.225861093542516
24.02287998566401
21.97525453619844
21.091676075732426
20.598620595759392
20.1294344016851
19.758974086113515
19.43531159385678
19.134638926383733
18.866191560353737
18.624833841348877
18.421615528658563
18.194076849999423
18.97718287913828
20.49705752046883
22.49273172234625
24.04979922064672
25.241645585045102
25.999057704988125
26.529486258016433
26.81041065863644
26.81955748851616
26.547286597821916
26.00295074150913
25.29430357866064
24.052919251354172
22.07316804828098
21.2220000124179
20.687106950526594
20.244962483313426
19.889626275922375
19.60194955692557
19.34132364439991
19.11818441511287
18.87959988644083
18.662502380988386
18.442858423242225
19.263712552724908
20.65259389480765
22.563918393487416
24.070386864516752
25.20775468605135
25.905135829391494
26.36956154453725
26.61681534634689
26.66109244845351
26.45333710507816
25.99285787869659
25.382272900079432
24.213359750055393
22.10200628333453
21.300352261345097
20.791579850320577
20.306854786435807
19.87451869405315
19.501593768783746
19.17284795597237
18.86780169079466
18.58134769261397
18.329176284180168
18.06740016161287
18.858761195634518
20.282975335689887
22.13846578139317
23.764569211745865
24.954840011594307
25.71086295120414
26.171516088386316
26.341151204560298
26.30703507985422
26.014397236721003
25.494092586019008
24.829780276161532
23.615133382674788
21.716383398287036
20.96178155479869
20.444318695927464
19.951703324829033
19.5448509234491
19.181462110815286
18.860686051805242
18.593849181602657
18.345473806791674
18.11208205841728
17.87676568492991
18.62603881722926
20.08320714964324
22.038094103933812
23.60466454907215
24.853049392857823
25.683952759047916
26.208470233741398
26.512059863086847
26.56193958899901
26.315018086742587
25.854605065850766
25.153574434752667
23.892116602958836
21.852283224370733
21.070814814831245
20.514834358666974
20.018322952129797
19.651500407534158
19.359151472547545
19.08141932253157
18.847686332147234
18.6208656993139
18.394484166509635
18.13344311403692
18.92928115243293
20.42766183473068
22.51943273748134
24.21739094048062
25.395549414455786
26.196911008386724
26.723822725800357
27.06080173825694
27.113417327216304
26.942451554799106
26.43350385685892
25.773935643237238
24.420249781073153
22.226511463984277
21.43828038435343
20.87130086338897
20.371018644367958
19.947955734247373
19.566251708827856
19.20742943561164
18.869476141605162
18.565723468644002
18.28195640450094
17.958521154706105
18.713811798546654
20.331890114698027
22.387410422229824
24.148211758824438
25.450055202614966
26.26763108845738
26.803851928256094
27.146681740525437
27.19002566049105
26.981015943770213
26.45190735009623
25.741189405634547
24.28481693730762
22.08126784938003
21.28006389861507
20.720621967236102
20.183215240531705
19.732007809249588
19.337257645287334
18.98044965833308
18.674213333714185
18.416706897759067
18.181511207421554
17.937169701573634
18.61811675077641
20.074498057549555
22.06639514165837
23.653224088338224
24.85263061524149
25.645603532253187
26.18246788941212
26.474213041379922
26.488529195898092
26.246845115355256
25.73124962961163
25.031002114877786
23.731686344680046
21.606063388071878
20.806394143611808
20.23282900495139
19.704911353458446
19.297466381418968
18.940835951282892
18.630951010598324
18.33179236809624
18.03232148789398
17.744413995475824
17.424265438402756
18.064932184911513
19.549997997431024
21.550389435031267
23.2747133122622
24.602486230686292
25.436309574237907
25.960340533161116
26.21692224710432
26.239593030004144
26.009313317964327
25.50166400425711
24.814181916789554
23.389809651240572
21.125479257826473
20.333183413337366
19.78598735376237
19.281903930785067
18.87397887436573
18.534133616621187
18.234426288241313
17.938971117782078
17.647072758442757
17.392719469278713
17.118068838019198
17.79516878079279
19.3896317879146
21.395050681246683
23.077152984718882
24.36835626051644
25.23802716548658
25.860873537955744
26.20621007922495
26.26824223262128
26.05564216066575
25.505719443759265
24.746256982373197
23.31832866233848
21.16099277172495
20.479785073098753
19.938186593101502
19.441521211511066
19.040516457301518
18.69736811309486
18.39895614241127
18.143086558373792
17.90634758654414
17.700724186043914
17.459689549828944
18.02004487580244
19.409792437902283
21.158151934443314
22.796616118887883
24.049317308392805
24.89909920150699
25.518778051135907
25.860495232860647
25.942645784371642
25.767351812299875
25.305134218916443
24.581380224367592
23.189513088798286
21.159450631649356
20.456726148859627
19.890799862657552
19.41769569075367
19.036601134156776
18.708180421826412
18.381679920909747
18.049409201719232
17.764276034585173
17.52604144921601
17.298349173820704
17.795294394995317
19.236374919509615
21.190844968373415
22.872262265711843
24.17377405152521
25.029702714517693
25.5854549304221
25.88726508230918
25.919750419218573
25.63029296170647
25.056342822360037
24.276160438695424
22.87714147086082
20.761159042403452
20.034784067095305
19.439027857121623
18.879526782171812
18.397325975978486
17.9760362380315
17.623318741497254
17.331880920155086
17.06904550975203
16.782636783515763
16.52748297540155
17.088311828258774
18.645743519805606
20.584775583414686
22.299380620858372
23.49464243189287
24.32485146012779
24.87598139789752
25.21795116932879
25.31503036519349
25.129124851121468
24.64403206303084
23.92309060379159
22.536817895157643
20.357709225820244
19.644737394276635
19.04841560026207
18.542025830233825
18.15094597251671
17.795248850627356
17.441171051964034
17.11248085176403
16.809499819548932
16.53988194046043
16.268467307433415
16.823125682541733
18.46116035099003
20.571969052157232
22.51951930323404
23.928041985588266
24.859224348017417
25.496056724772153
25.896875736340938
25.998366613830118
25.789074546458778
25.286735543556688
24.605978925000535
22.97812339317284
20.695725080240408
19.98319070935181
19.406124876605652
18.926937744304997
18.539980660065744
18.222860026828894
17.92352546688264
17.624184097228873
17.3567388931549
17.116761653190252
16.901606301542365
17.477960530900734
19.136815880077677
21.191506159926742
23.014805226618872
24.35180164166132
25.22622723574561
25.854341799717893
26.220665985655543
26.312908019281736
26.090648629426845
25.516943765656663
24.713494376891322
23.128214775824542
20.950880791929084
20.261730578331626
19.669098006416434
19.12096485542389
18.680094812361684
18.32866586381619
18.013868223581976
17.686218773680597
17.389527262990217
17.100336392916777
16.775271731440316
17.21051141849175
18.847064218921272
20.98222619964359
22.81824769156007
24.231285336102783
25.20622069984746
25.882992389497666
26.228381138524504
26.28814452436691
26.072467599565606
25.54283037081933
24.749370570767834
23.15231458939855
20.926053865849823
20.25343434335193
19.664459719323805
19.153133163558202
18.742289264728626
18.397414911878197
18.057391718998385
17.76878824925099
17.517894543716235
17.28555552568145
17.037867931329533
17.4915320386983
19.108285740632223
21.141367431371975
22.88794101906423
24.19576136836224
25.119257967014573
25.737302865156856
26.094135958191927
26.184988937590663
25.963436748471825
25.402605132336895
24.654124837587915
23.09152509350717
21.04193302573226
20.36498416862855
19.81465438253949
19.343984933283767
18.99897665618553
18.718022001246375
18.459246311473812
18.21626788208023
18.00134494322775
17.798612389673536
17.570226659062897
17.900575412407584
19.417078870200893
21.410472702800476
23.171247304987805
24.452102347475694
25.290926160140508
25.859971177326543
26.18760071357574
26.227272814027852
25.9220262930069
25.303130570789868
24.54042391430113
23.006996200582606
21.138122799073532
20.444703907709414
19.86492011892471
19.327868001433902
18.85754130745647
18.470044616949465
18.14985469720853
17.875639508912908
17.624813522136215
17.388823239816187
17.15228086676462
17.485191331192084
18.967914604326285
20.87709354071591
22.58520388266953
23.888744709111123
24.766694579046067
25.404517642138618
25.790469044509962
25.877077810646814
25.63567166705517
25.063826231753797
24.221939701128637
22.65836339454789
20.68606844288709
20.005010179509153
19.438907723651553
18.936916520255526
18.53198016880134
18.167410502442067
17.825131278683504
17.486067876246288
17.181098535542365
16.925008770961878
16.65877292050039
16.98954135359713
18.64349093903764
20.728258435925717
22.594304180489402
24.043945137879156
25.014609932271757
25.693247607886896
26.07826519758876
26.20371224780038
26.02745533264363
25.47957489746335
24.661285012224926
22.91616102054121
20.759605219755286
20.145460151270154
19.587055565336048
19.068143247609576
18.65478164858467
18.330344110728095
18.048420837947734
17.771282015225466
17.523961136233837
17.301521415235474
17.05077285735534
17.343148537796797
18.86606346132162
20.836782733374353
22.68832253987308
24.077173616589086
25.016611992746586
25.71336071602769
26.07877946307717
26.120433188416303
25.849682123554963
25.26255646122298
24.399167270272088
22.68087503946776
20.624401636142753
20.000586530774243
19.414488755960033
18.85830943111516
